A:
-3.150932e+00	-6.776637e-02	1.173022e-01	-2.632466e-01	-6.545387e-01	6.094358e-02	1.870007e-01	-3.948845e-02	-4.118039e-01	1.089534e-01	2.354915e-01	-1.941947e-01	5.739773e-01	-2.588587e-01	-3.136043e-01	-5.947060e-02	1.574624e-01	3.077119e-01	3.777602e-01	-2.308027e-01	-4.217289e-01	-4.858659e-02	-6.188701e-02	-4.615760e-01	-3.898707e-01	4.658041e-01	7.814511e-02	-2.919662e-02	-7.433607e-02	4.843291e-01
1.378741e-01	-3.284241e+00	2.300916e-01	-1.087762e-01	-2.299562e-01	3.963968e-01	9.556306e-02	3.807392e-02	-3.864389e-01	-2.899071e-01	1.865822e-01	3.932673e-01	3.986300e-01	1.253355e-01	-5.384176e-01	7.183129e-01	-4.056463e-01	-5.089231e-02	3.908013e-01	2.628702e-02	3.394866e-01	8.869276e-02	2.870527e-01	-4.130159e-01	-1.730412e-01	-2.249237e-02	1.369930e-01	1.463371e-01	2.674842e-01	-1.364257e-02
-1.181621e-01	3.231245e-02	-3.767955e+00	2.750404e-01	1.157709e-01	2.658606e-01	-1.016938e-01	3.213885e-01	4.108479e-01	-2.601532e-01	-2.177607e-01	4.514708e-01	-1.747031e-01	5.750529e-01	-1.513093e-01	1.631822e-01	2.088999e-01	6.091053e-01	9.183129e-03	-2.147754e-02	-1.689338e-01	-1.046848e-01	-1.870601e-02	1.402888e-01	-1.976336e-01	-3.886218e-01	2.176103e-02	-6.858152e-02	-7.303582e-02	3.007028e-01
2.256951e-01	1.610343e-01	3.530587e-01	-3.101317e+00	-3.260641e-01	2.885210e-01	3.395779e-01	-2.379925e-01	-8.197389e-02	-7.673389e-02	-1.112934e-01	-7.730345e-02	-1.228817e-01	-8.975617e-02	-4.531213e-01	3.949340e-01	-2.790613e-02	3.263741e-01	1.665263e-01	1.738257e-02	-9.615169e-02	-5.159082e-02	7.346080e-02	3.319944e-03	-3.464322e-01	-2.684972e-01	1.776452e-02	3.618728e-01	2.101848e-01	-5.014070e-01
-1.293314e-01	6.767095e-02	-2.663617e-01	-2.642505e-01	-2.909216e+00	-1.113248e-01	-7.117970e-02	-1.585015e-01	5.227389e-02	5.823980e-02	-8.785527e-02	2.301511e-02	9.212003e-01	9.824347e-02	-2.158005e-01	9.788156e-02	-1.163821e-01	2.692967e-01	1.011702e-01	3.739910e-02	2.291432e-02	5.471921e-01	6.112749e-02	2.795577e-01	1.472701e-01	1.734359e-01	1.607600e-02	2.075269e-01	1.654306e-02	-2.744815e-01
-1.387937e-01	4.430118e-01	2.940619e-04	1.388746e-01	-1.341121e-01	-3.561539e+00	2.043111e-01	-5.604054e-01	-6.800373e-02	6.909726e-01	3.273372e-01	3.425518e-01	2.012721e-01	2.602652e-01	-2.762423e-01	-3.179894e-01	-1.506248e-01	1.300948e-01	-2.217550e-01	-7.727083e-02	1.518366e-01	1.166133e-01	-1.589378e-01	1.383745e-01	4.198278e-02	-5.862686e-01	3.806912e-01	-2.883967e-02	3.076514e-01	1.898718e-01
-4.716078e-02	1.987538e-01	-4.124295e-02	4.010178e-02	2.376603e-01	-1.142060e-01	-2.884942e+00	2.821740e-01	6.040823e-01	-1.544794e-01	1.632002e-01	-1.046723e-01	5.576307e-01	-4.621614e-01	-7.187291e-02	5.686213e-01	-8.808626e-02	-3.460949e-01	5.458706e-01	-4.610993e-02	-4.161838e-02	7.667582e-02	-1.875984e-01	-4.264096e-01	1.255659e-02	-3.009761e-01	5.756821e-01	5.877188e-03	2.264394e-02	-8.911049e-02
3.223500e-01	3.910693e-02	1.631399e-01	-2.712780e-01	3.917895e-02	-1.256244e-01	7.736614e-02	-2.919573e+00	-1.453956e-01	1.601392e-01	-1.036873e-01	1.669133e-01	-3.244523e-02	3.840499e-01	6.030560e-01	-5.566321e-01	4.041930e-01	8.965400e-02	1.964797e-01	1.745996e-02	4.478501e-01	-9.023005e-02	-5.194277e-02	1.967286e-02	-3.927302e-01	7.994909e-02	-2.148220e-01	1.342611e-01	-1.490572e-01	8.681429e-02
-1.055018e-01	-4.277773e-01	2.667489e-01	6.172523e-02	-1.580738e-01	1.723123e-01	5.394281e-01	-2.978823e-01	-2.745651e+00	1.453440e-01	2.769787e-01	6.603416e-01	-5.472200e-01	-2.696650e-01	-1.339258e-01	-3.281578e-01	5.386289e-01	2.357272e-01	-1.012413e-01	-5.459117e-01	-1.379145e-01	9.962918e-02	2.625025e-01	2.709915e-01	2.135858e-01	-9.876012e-02	-1.708519e-01	-4.660945e-01	4.971573e-02	-1.654276e-01
3.483581e-02	-3.032819e-01	-1.455647e-01	-2.469397e-01	2.174648e-01	1.977885e-01	2.129228e-02	1.416870e-01	2.293551e-01	-3.120169e+00	-1.626143e-01	3.111246e-01	2.831930e-01	2.377198e-01	2.859121e-01	-3.728364e-01	3.861522e-02	-3.380000e-01	-6.279335e-01	-5.337949e-01	-3.674736e-01	-1.364810e-01	-4.786902e-02	1.516407e-01	-7.536179e-03	-2.032579e-01	4.694353e-02	1.468024e-01	-1.840999e-01	-9.574453e-03
1.900225e-01	1.226697e-01	5.728909e-02	-5.614759e-02	-1.322729e-01	6.421129e-02	3.933881e-02	-9.830970e-02	7.506533e-02	-2.047949e-01	-2.930894e+00	-1.912993e-01	-1.604124e-01	-1.567480e-01	-2.615472e-01	3.645825e-01	2.685194e-01	1.730638e-02	-2.541420e-02	-6.775337e-01	1.121964e-01	-5.392129e-02	-1.573729e-02	-3.789543e-01	1.908356e-01	-2.741277e-01	9.658989e-03	1.977666e-01	-1.310855e-01	9.378828e-02
-3.586572e-01	2.862564e-01	3.849118e-01	-1.985146e-01	2.056525e-01	3.793480e-01	1.805331e-01	2.919741e-01	3.184311e-01	7.568202e-02	-5.917910e-02	-3.078061e+00	1.095786e-01	-3.506301e-01	-2.513501e-01	3.870483e-02	-1.238069e-01	5.622982e-01	5.887286e-02	-1.697950e-01	-1.840578e-01	-2.120509e-01	1.854509e-02	2.056778e-02	-1.974806e-01	2.734608e-01	-2.987799e-01	7.316518e-02	-3.128353e-01	1.793743e-01
4.415853e-01	1.793087e-01	-1.438027e-01	-2.796745e-02	6.781710e-01	2.442837e-01	1.310462e-01	4.816910e-02	-3.825015e-01	4.922924e-01	-4.798505e-01	3.187795e-01	-2.798367e+00	-2.128556e-01	-1.676459e-01	-3.503266e-01	1.758142e-02	-1.077653e-01	-9.197945e-02	-9.174109e-02	-8.515768e-02	-1.673453e-01	-1.338914e-01	1.624566e-02	3.127231e-01	2.354128e-02	-2.539502e-02	-3.333516e-02	-9.693274e-02	-2.448978e-01
-3.530322e-02	2.954167e-01	5.294531e-01	1.174109e-01	3.672197e-01	3.992084e-01	-2.713795e-01	3.599300e-01	-3.523841e-01	1.937780e-01	2.256685e-01	-3.111919e-01	-6.018059e-02	-2.353976e+00	6.447469e-02	-2.087619e-01	3.924446e-01	-6.954684e-02	3.456723e-01	-2.730126e-01	-2.452694e-01	-7.391240e-02	8.151238e-02	4.614913e-01	6.731344e-02	1.496829e-01	7.954276e-02	1.539881e-01	1.456964e-01	-7.228273e-02
-1.449862e-01	-1.693528e-01	6.019936e-02	-3.701155e-01	-1.064007e-02	-3.354100e-01	1.090806e-01	6.305833e-01	-1.264097e-01	1.185915e-02	-3.100320e-01	-1.452347e-01	-1.106132e-01	-4.377286e-01	-3.678751e+00	-9.438153e-03	3.061382e-01	2.431621e-01	-3.710952e-01	7.180988e-02	2.857577e-01	1.646802e-01	2.099503e-01	-3.126852e-01	-2.116227e-01	-1.472125e-01	-7.024664e-02	1.074662e-01	2.831389e-01	3.493783e-01
2.195688e-01	3.622254e-01	3.085877e-01	2.244723e-01	1.229558e-01	-2.360158e-01	6.962843e-02	-7.721160e-02	-1.673305e-01	-3.006393e-01	1.958993e-01	2.060244e-01	1.133137e-01	-4.196612e-01	9.101730e-02	-3.087496e+00	-1.053704e-01	-4.525757e-01	-4.319622e-01	-3.024750e-01	-3.915527e-01	1.664505e-01	-2.475359e-01	5.702324e-02	-5.393075e-01	-1.438795e-01	-3.947057e-01	-4.057919e-02	-2.613261e-01	5.157884e-02
4.154629e-01	-1.686267e-01	3.507092e-01	4.513764e-01	-1.190900e-01	-2.378179e-01	-6.916086e-02	2.532451e-01	5.482920e-01	-1.569436e-01	1.922126e-01	-3.971997e-01	-1.474279e-01	3.046948e-01	2.984835e-01	-1.388794e-01	-3.447858e+00	-2.217522e-01	-2.019687e-01	-9.253390e-02	5.945116e-01	-9.543128e-02	-2.054676e-01	-1.039410e-01	-5.103713e-03	2.287857e-01	-3.333337e-01	-2.020613e-01	-2.781365e-01	-1.313389e-01
1.130779e-01	-2.918028e-02	4.648979e-01	5.965610e-02	-6.123576e-02	1.150037e-01	-2.580921e-01	3.141215e-01	6.501481e-02	5.404533e-02	7.494837e-02	5.996583e-01	-1.218391e-01	-2.538057e-01	1.331635e-01	-3.064399e-01	9.240665e-02	-2.755869e+00	-1.382720e-01	5.554083e-01	-2.210772e-02	2.247593e-01	-1.984211e-01	-3.247020e-01	-1.037041e-01	2.906736e-01	4.611581e-01	-4.031917e-01	3.164093e-01	1.616496e-01
1.720635e-01	1.959555e-01	2.087879e-01	6.774256e-02	-4.478876e-01	-1.275931e-01	6.902370e-01	5.965384e-01	3.149982e-02	-3.270408e-01	-9.044335e-02	9.521080e-02	-1.564657e-01	4.417091e-01	-1.807975e-01	-2.398486e-01	-2.402443e-01	-2.487044e-01	-3.385443e+00	-1.185837e-01	-7.525759e-02	1.339299e-01	2.462296e-01	8.364814e-02	1.923752e-01	2.890274e-01	-6.307356e-02	1.128582e-01	1.770880e-01	3.441748e-02
-5.687153e-01	-2.608822e-01	-1.133541e-01	-2.044427e-02	-1.071780e-01	-3.394663e-01	1.222172e-01	-1.457418e-01	-4.456574e-01	-2.745850e-01	-2.783671e-01	-2.739647e-01	8.545773e-02	-3.035904e-01	-1.031743e-01	1.766098e-01	-7.125100e-02	2.331402e-01	-2.024589e-01	-3.623614e+00	-4.014773e-02	2.547906e-01	-6.775442e-02	-7.326861e-02	3.750177e-01	-1.857831e-01	-5.393433e-02	-3.661149e-01	-1.108031e-01	-2.206013e-01
-4.866618e-01	1.653016e-01	-8.415105e-02	8.395294e-02	-2.654586e-01	-2.974589e-02	-5.742726e-02	5.813378e-01	3.316535e-01	3.093935e-02	2.074045e-01	2.283904e-02	8.479947e-02	-3.418236e-01	1.300220e-01	-5.865582e-01	3.170794e-01	3.859249e-02	7.124835e-02	1.841943e-01	-3.520701e+00	1.530737e-02	-4.483924e-01	-2.957451e-01	3.361397e-01	-1.748157e-01	-5.313986e-01	-1.776756e-01	2.241506e-01	-3.096959e-01
3.113894e-02	-1.025383e-01	7.550697e-02	2.655288e-01	2.674120e-01	3.266158e-01	-2.458846e-01	-2.221876e-01	1.020318e-01	-2.458318e-01	-1.720602e-01	-1.552594e-01	9.785285e-02	-3.165840e-01	-4.818086e-01	-9.048193e-02	-1.723725e-01	1.911382e-01	3.228275e-01	-9.918620e-02	-5.887798e-02	-3.374763e+00	9.133929e-02	-5.655217e-02	2.485540e-01	1.777556e-02	2.103545e-01	2.270175e-01	3.524050e-01	3.092636e-01
-7.835666e-02	2.535095e-02	-1.935853e-01	-2.310728e-02	-1.188633e-01	-2.370688e-01	-1.961754e-01	-2.287234e-01	3.139893e-01	-1.897896e-01	-1.489892e-01	6.415299e-02	-7.426551e-02	2.313919e-01	1.142152e-01	-2.067112e-01	-3.285131e-01	-2.328017e-01	1.782201e-01	-1.415922e-01	-1.278435e-01	-9.802955e-03	-2.304454e+00	-3.120643e-01	1.324807e-01	-1.710708e-02	-8.934443e-02	-3.868292e-01	-1.659502e-01	1.440564e-01
-3.799752e-01	-3.487065e-01	3.879909e-01	1.797375e-01	1.260149e-01	-5.670020e-02	-2.928919e-01	-2.145257e-01	-1.444205e-01	2.001285e-01	-2.968421e-01	2.747785e-02	1.847640e-01	1.564503e-01	-4.191769e-01	-3.705247e-02	-4.124577e-01	-6.281892e-01	1.013590e-01	-4.005285e-01	-5.501776e-02	1.718774e-01	-4.003023e-01	-2.992161e+00	-1.031247e-01	-8.812446e-02	-2.371703e-01	-1.965081e-01	-1.765507e-01	-2.052669e-02
-2.845994e-01	1.740458e-01	6.076274e-02	-3.634030e-01	-8.582684e-02	4.975783e-02	-4.323325e-02	-5.375934e-01	-8.052982e-02	1.069258e-02	3.016760e-01	-7.922606e-02	4.634221e-01	-1.163732e-01	-3.654025e-01	-5.833824e-01	-4.363402e-02	-3.287609e-01	3.938477e-01	2.271279e-01	8.325497e-02	1.463197e-01	8.273421e-02	-1.641308e-01	-3.237199e+00	-3.018989e-01	2.337456e-01	3.989072e-01	-2.663848e-01	-2.935552e-01
1.379999e-01	-1.085181e-02	-4.718877e-01	-1.286966e-01	3.915436e-01	-6.726710e-01	-2.147607e-01	-1.357231e-01	7.020875e-02	-7.841951e-02	-2.975094e-01	2.797265e-01	6.650176e-02	-8.071492e-03	-1.225596e-01	-2.074413e-01	2.389063e-02	-3.497531e-02	2.686887e-03	-2.804241e-01	-1.612328e-01	-2.120637e-01	-5.496112e-03	-1.407933e-01	-2.113879e-01	-3.012036e+00	1.488557e-01	5.859528e-02	-1.333547e-01	-5.890275e-01
7.500443e-02	-6.425906e-02	1.968033e-01	-2.544206e-01	5.986129e-01	2.506621e-01	4.555324e-01	-2.349018e-01	1.833393e-01	-2.201144e-01	4.187662e-03	-3.180628e-01	6.360095e-02	2.018127e-01	-2.438514e-01	-4.372698e-01	1.436436e-02	4.747313e-01	-6.936057e-02	-1.528336e-02	-3.359029e-01	2.297583e-01	-2.784885e-01	-2.350393e-01	-2.097061e-01	-2.010231e-01	-3.371496e+00	-2.215951e-01	3.060485e-01	-7.096851e-02
-1.089228e-01	-2.385508e-02	-1.077263e-01	1.734576e-01	2.793583e-01	-4.234271e-02	-2.260556e-01	-1.408322e-01	-6.138113e-01	3.118052e-01	-7.636981e-02	1.247917e-01	5.212378e-02	2.554449e-01	-7.014551e-02	-5.033192e-02	-4.212308e-01	-7.407909e-01	2.468533e-01	-5.453392e-02	1.804711e-01	-1.400371e-01	-7.160982e-01	-9.668005e-02	-6.315723e-02	-1.181205e-02	-4.064148e-01	-3.308149e+00	2.553072e-01	-1.666374e-01
-2.127839e-01	7.738834e-02	-1.485992e-01	2.670592e-01	-1.649941e-01	2.054884e-01	-1.417903e-01	5.912237e-02	-6.170433e-02	-2.613672e-01	-3.248482e-02	-3.360396e-01	-1.773253e-01	1.999799e-01	3.530471e-01	-1.753058e-03	-4.911614e-02	2.156086e-01	8.823681e-02	-1.874344e-01	2.214666e-02	4.139659e-01	1.452283e-01	1.108598e-02	-2.276832e-01	-1.394057e-02	3.295735e-01	2.546698e-01	-3.608448e+00	7.946220e-02
4.700292e-01	9.058004e-02	4.302605e-01	-3.420431e-01	-2.342815e-01	1.667249e-01	-1.883716e-01	2.669436e-01	-2.454176e-01	4.288936e-01	-9.963776e-02	4.570169e-02	-4.146811e-02	-4.757453e-01	3.985583e-01	2.499402e-02	-3.633611e-01	1.153419e-01	-1.142122e-02	-3.566185e-01	-3.517380e-01	2.009978e-01	1.094491e-01	1.556066e-01	1.147427e-02	-4.069963e-01	-3.472896e-01	-2.121311e-01	-1.237667e-01	-3.253352e+00

G:
3.930169e-01	2.567151e-02	1.609778e-01	-4.330403e-02	-3.074352e-02	7.225297e-02	1.524692e-01	1.565738e-01	5.840022e-02	-1.371060e-01	-2.078065e-01	-1.160986e-01	-2.144685e-01	-7.406553e-02	4.136444e-02	-1.888514e-01	1.791624e-01	1.379669e-01	4.194504e-01	1.386746e-01	2.638193e-01	-1.475015e-01	-9.767781e-02	1.069860e-01	-6.583531e-02	-2.259584e-01	2.453012e-02	-7.994273e-02	-4.369282e-02	-3.373626e-02
-3.144196e-02	1.719558e-01	1.492153e-01	-1.055221e-01	-1.000846e-01	-3.363001e-02	-1.338875e-02	1.898364e-01	7.371171e-03	1.836440e-01	-2.354075e-02	-1.143073e-01	2.659590e-02	-1.568753e-01	-7.241715e-02	-1.302956e-01	9.366936e-02	-2.762662e-02	-8.818829e-02	4.399808e-02	-8.113396e-02	-1.126683e-02	4.916629e-02	3.178649e-02	-3.310897e-03	1.393055e-01	-3.291851e-02	-3.744352e-02	3.026860e-01	7.819249e-02
-8.310996e-02	4.695063e-02	2.399245e-01	8.127889e-02	4.352571e-01	1.696616e-02	-5.275636e-02	-1.383897e-01	4.749971e-02	-2.367271e-02	1.247731e-01	-2.016737e-01	1.834371e-01	1.450385e-02	1.961714e-01	-2.771733e-02	1.420362e-01	-1.722669e-01	2.183720e-01	-1.638143e-01	3.996017e-02	-5.165530e-02	-3.382862e-02	2.772331e-01	4.845525e-02	1.067630e-01	-7.784127e-02	3.288419e-03	-7.933203e-02	-8.331431e-02
1.737104e-01	-2.243566e-01	2.465619e-01	3.602629e-01	-4.652647e-02	-1.339724e-02	-8.020882e-02	-1.247309e-01	1.828566e-02	1.893197e-03	-1.243729e-02	-2.972885e-02	-1.485623e-01	-1.078651e-01	6.322289e-02	7.895918e-03	1.429205e-01	-8.000442e-02	7.275148e-02	-6.170287e-02	-4.509079e-02	1.222589e-02	6.675039e-02	-5.491884e-02	-1.167132e-01	3.154556e-01	5.784746e-03	-8.182657e-02	-1.721250e-02	1.506717e-01
-1.280465e-01	-1.148611e-01	2.035452e-01	-1.400341e-01	1.507255e-01	-8.781280e-02	-1.713449e-02	-8.200355e-02	3.115626e-02	1.077471e-01	-1.655539e-01	2.320067e-01	-1.454340e-01	-1.267356e-01	-2.498622e-01	3.478747e-03	-7.689974e-02	1.180926e-01	9.134461e-02	3.653652e-01	2.022809e-01	-1.098864e-01	-1.255507e-01	6.202449e-02	-1.265734e-01	9.754104e-02	2.732740e-02	-1.206130e-01	8.043334e-02	7.059244e-02
2.128304e-01	8.328411e-02	-9.024127e-02	-6.880267e-02	-1.744397e-01	4.458550e-01	-1.149563e-01	5.011145e-02	8.476703e-03	1.381367e-01	-9.774095e-03	1.888341e-01	2.151000e-01	2.544810e-01	-5.939701e-02	5.428282e-02	-1.343726e-01	2.080023e-02	-8.028536e-02	-2.110233e-01	3.752762e-02	1.051515e-01	-1.747470e-01	-1.208149e-01	-2.485719e-01	-2.697778e-02	-2.576156e-03	-1.152150e-02	2.137675e-01	-6.932894e-02
1.516588e-01	-2.649028e-02	-8.504769e-02	-1.862153e-01	3.050680e-02	-1.587863e-01	2.482939e-01	-1.206782e-01	-7.503109e-02	1.168103e-01	6.415399e-02	5.604905e-03	-4.900583e-03	1.576762e-01	7.374330e-02	2.209910e-01	4.951420e-02	-2.578306e-02	1.782672e-01	-1.217431e-01	-4.052927e-02	-1.770493e-02	1.361425e-02	-1.823220e-01	-1.709291e-02	1.258551e-01	-1.061755e-01	-2.570792e-02	8.674693e-02	-1.133003e-02
2.231078e-01	-5.389720e-02	4.574915e-02	1.279992e-01	1.236026e-01	-1.379946e-01	4.688277e-02	3.425041e-01	-5.904916e-02	2.550485e-01	-7.228643e-02	1.793501e-01	9.013292e-02	7.488020e-02	-4.717307e-02	7.089068e-02	-8.477804e-02	-1.081251e-01	-9.637410e-02	7.108026e-04	-4.615255e-03	-1.041944e-01	1.598846e-02	-1.477317e-01	-1.345269e-01	-9.644192e-02	-5.608105e-02	5.508253e-03	1.845370e-01	-1.280933e-01
1.384407e-01	1.026970e-01	9.678891e-02	-5.464952e-02	2.000768e-01	6.575088e-02	-4.288638e-02	7.077727e-02	1.755568e-01	-6.833147e-03	-1.476014e-02	-1.045147e-01	-4.966832e-02	-6.299443e-04	2.198251e-02	-1.687184e-01	1.122193e-02	3.622414e-03	1.916564e-02	-4.989629e-02	6.031835e-02	-1.747013e-01	-5.312043e-04	2.091193e-01	-1.956886e-02	8.812158e-02	5.434293e-02	-2.158829e-03	-5.142763e-02	7.362420e-02
-2.203930e-01	-6.081908e-02	-1.492253e-01	2.483143e-02	8.727140e-03	5.929782e-02	1.665268e-01	-3.930697e-02	-1.260559e-01	3.768574e-01	-9.032313e-02	3.446336e-02	-4.849325e-02	2.014193e-01	-2.930766e-02	2.759367e-01	-1.139405e-01	-1.211072e-01	1.611066e-01	-6.764632e-02	-1.037314e-01	2.166798e-01	-5.955550e-02	4.916656e-02	9.669661e-03	-2.344429e-01	1.956341e-01	1.143974e-01	-4.267543e-02	-1.227263e-01
-2.152154e-01	-2.561569e-02	1.282763e-02	6.790702e-03	1.004985e-01	7.224566e-02	1.712541e-02	9.852025e-02	3.953607e-02	2.138473e-01	2.200847e-01	-8.142184e-02	8.584629e-02	-4.904685e-02	1.482651e-01	-2.036364e-01	5.893251e-02	-1.872317e-02	-6.134016e-02	4.067719e-03	1.284175e-01	-1.317294e-01	-1.544181e-01	8.773952e-03	1.480063e-01	-2.364380e-02	-7.180104e-02	1.668770e-02	1.456658e-01	1.253167e-02
-1.757226e-01	-9.230651e-03	-1.816928e-01	-8.440079e-02	9.596314e-02	2.944264e-02	-5.379455e-02	6.042837e-02	-1.073515e-01	-1.982281e-02	-6.893979e-02	3.820111e-01	-1.435445e-03	6.439291e-02	4.553413e-02	7.697762e-02	2.987687e-02	7.055341e-02	4.716219e-03	-6.000727e-02	-2.179740e-01	7.487328e-03	1.040254e-01	1.875052e-01	1.185168e-01	-1.625914e-01	1.155245e-01	9.218968e-02	-9.744464e-02	-5.213922e-02
-6.658776e-03	-1.250961e-01	2.085815e-01	1.193141e-01	-1.571776e-01	6.720628e-02	1.289746e-01	7.848775e-02	9.666075e-02	4.480513e-02	-1.466654e-01	4.892697e-02	2.172301e-01	-2.568833e-02	-6.850349e-02	-3.113293e-01	2.291910e-02	-2.270169e-01	-8.623803e-02	1.319361e-01	-1.735232e-01	7.560699e-02	-1.702189e-01	1.049373e-01	1.154192e-01	1.735510e-02	-4.777208e-02	-6.623809e-02	-1.639648e-01	7.768662e-02
6.730371e-02	-9.811486e-02	1.620050e-02	-1.158694e-01	3.950619e-02	1.257876e-01	9.039477e-02	4.979515e-02	1.794236e-02	6.953388e-02	5.728142e-02	4.987862e-03	-3.162023e-01	3.793817e-01	-3.391342e-02	5.115833e-02	1.919549e-01	-2.377083e-02	6.520670e-02	-1.082230e-01	-9.525771e-02	-6.818513e-03	9.917765e-02	3.153340e-02	1.775541e-01	1.337462e-01	1.585766e-01	-1.077139e-01	-1.519182e-01	-1.163056e-01
-1.522914e-01	-1.716248e-01	4.594679e-02	2.780865e-02	-1.570685e-01	-1.783950e-01	2.821860e-02	-1.569212e-01	-8.785819e-04	7.717916e-02	-1.949651e-01	1.421355e-01	1.281609e-02	-4.754728e-02	4.083812e-01	8.148574e-02	9.403125e-02	2.007584e-01	7.230657e-03	3.506565e-01	3.702222e-02	-1.675288e-02	-1.762530e-01	-9.072188e-03	1.927839e-03	3.260847e-03	1.253120e-01	-2.429573e-01	1.759269e-01	-1.070380e-01
-1.026922e-02	3.054807e-03	-7.518101e-02	8.030143e-02	2.879234e-02	4.330988e-01	1.267584e-01	5.662408e-02	2.045934e-01	-1.271947e-01	8.760798e-02	-1.934964e-01	3.795593e-02	2.070831e-02	-5.582099e-02	2.135673e-01	-8.210568e-03	-1.697924e-01	-2.033116e-01	-3.668381e-02	2.731222e-02	-2.890207e-01	1.748764e-01	-9.849537e-02	1.346779e-01	-2.772668e-02	-1.509243e-01	-5.183469e-02	-3.307459e-01	1.513196e-01
-2.723349e-02	1.393326e-01	2.433944e-01	6.605607e-03	6.969189e-02	7.845774e-03	2.339635e-02	2.311140e-02	4.750666e-02	-1.684621e-01	1.227231e-01	6.607248e-02	1.193013e-01	1.128703e-01	1.224181e-01	7.372418e-02	1.516564e-01	1.205434e-01	1.320605e-01	-9.474674e-02	1.409612e-01	-6.779898e-02	-1.701360e-02	1.143575e-02	2.381751e-01	-2.005950e-01	1.286012e-01	2.995034e-02	2.274709e-01	9.376239e-03
-1.687281e-01	5.523303e-03	-2.788976e-03	3.786377e-02	-2.307291e-02	-8.969090e-02	-4.950971e-02	1.319811e-01	-4.907389e-02	3.531515e-02	4.668486e-02	-4.081634e-02	-1.930804e-01	-1.395548e-01	-5.473541e-02	1.248034e-01	1.903646e-01	1.972548e-01	3.989481e-02	2.161913e-01	-4.613905e-02	-2.761942e-02	-1.494233e-01	-5.850330e-02	-3.520233e-02	5.258827e-02	2.175871e-01	-1.655543e-01	2.069429e-01	-1.318805e-01
7.045876e-02	4.735507e-02	-1.576774e-01	7.186026e-03	-8.392771e-02	2.719798e-01	-1.265353e-01	-5.086115e-02	-1.234959e-01	4.222720e-02	5.258906e-02	5.569372e-02	1.798677e-01	-1.668232e-01	-2.040271e-01	6.666491e-02	-1.766109e-01	-1.080076e-01	2.484154e-01	1.102471e-01	2.366392e-01	-8.649166e-02	-1.195989e-02	-3.403115e-02	8.609810e-02	1.416573e-01	-1.282131e-01	1.220021e-01	2.551813e-01	-8.072256e-02
1.250268e-01	-5.469153e-03	-4.255738e-01	-3.759390e-02	4.920287e-02	-2.306036e-01	-3.519555e-02	1.146223e-01	-1.584009e-01	-1.750287e-03	-1.224144e-01	-6.430570e-02	3.842721e-01	4.045969e-02	-1.113768e-02	3.193185e-01	-3.882079e-01	6.494075e-02	-1.037586e-01	2.919163e-01	-1.882949e-01	4.550105e-02	2.503844e-02	2.183976e-02	-1.502979e-02	-1.299338e-03	-2.228457e-01	1.542675e-02	3.706615e-02	-1.255456e-01
-2.303563e-02	1.547731e-02	-2.433632e-01	-2.354418e-01	2.422914e-01	1.326918e-01	-2.665478e-01	1.423125e-01	-2.923370e-02	2.832447e-01	4.712637e-02	-1.594871e-01	-2.062500e-02	-8.859050e-02	2.297221e-01	-2.012795e-01	-6.394817e-02	1.172294e-01	-1.350382e-01	9.836205e-02	6.624969e-02	5.144225e-02	1.090339e-01	1.945753e-01	8.361773e-02	7.127586e-02	-8.991453e-02	3.563724e-02	3.767196e-02	-6.950447e-02
-1.091409e-01	3.665901e-02	3.203215e-01	5.576275e-03	-1.634544e-01	-1.133046e-01	-2.714408e-02	-5.969726e-02	-6.928488e-02	-5.087821e-02	3.941559e-02	-2.270478e-01	1.730428e-02	-8.866317e-02	-2.608795e-01	1.357121e-01	2.841157e-01	-2.626174e-02	1.444506e-01	-6.003081e-03	-1.116762e-01	3.744617e-01	1.537414e-02	7.605955e-03	-7.764099e-02	1.104527e-02	7.477155e-02	7.140918e-02	2.244651e-02	-5.193022e-02
1.319823e-02	2.225412e-01	2.496198e-02	9.165925e-02	6.774392e-02	1.164076e-01	-8.806555e-03	1.873838e-02	1.603172e-01	-6.494699e-02	-1.511143e-01	1.673901e-01	-1.242887e-02	1.485962e-01	-5.152108e-02	-1.464514e-01	-4.710383e-02	-1.117951e-01	-5.622008e-02	-3.541596e-02	3.385982e-01	-1.041202e-01	1.527298e-01	-2.249885e-01	3.826944e-02	-1.097092e-01	1.462495e-02	1.958801e-01	1.489306e-01	1.721171e-02
-1.098407e-01	4.556453e-02	7.195194e-02	6.747732e-02	-1.446045e-01	5.641093e-02	-2.546751e-01	2.069195e-02	-4.650540e-02	3.966251e-02	-2.740551e-02	1.637544e-01	1.502671e-01	-6.135692e-02	-4.985355e-02	1.789817e-01	-1.342297e-01	-8.374951e-02	-5.043267e-02	-1.633829e-03	1.914019e-02	7.375026e-02	-5.934320e-02	5.457955e-01	-7.043281e-02	-2.129269e-01	6.083316e-02	1.365120e-01	1.502576e-02	-2.426318e-01
-1.437685e-01	2.207163e-02	-3.394067e-02	-3.995397e-02	-1.030172e-01	-7.342371e-02	6.773868e-02	-1.294762e-01	6.288571e-03	-1.179213e-02	2.020355e-01	1.119118e-02	3.110699e-01	1.541154e-01	1.146001e-01	5.664415e-02	1.658426e-01	-1.161618e-01	-1.706863e-02	-5.117149e-02	8.383723e-02	-8.540736e-02	4.590232e-02	-2.195402e-01	3.655733e-02	2.221739e-01	-2.059588e-01	-4.520715e-02	1.349537e-01	1.154619e-01
-2.029144e-01	1.991700e-01	-7.984015e-02	7.350676e-02	-2.653517e-02	-1.151835e-01	6.044583e-02	-1.153498e-01	-2.131893e-02	-1.222190e-01	-6.812916e-02	1.208024e-01	-1.193885e-01	2.978938e-01	6.305502e-02	-1.660958e-01	-1.135500e-01	1.453117e-01	1.572191e-01	-3.675879e-02	1.495798e-01	1.453381e-01	-1.360462e-01	1.088437e-01	1.913677e-01	-1.171243e-01	3.956775e-03	1.042292e-01	2.325721e-02	7.696864e-02
-3.081108e-01	-2.438089e-02	5.874721e-02	-1.043820e-02	5.441300e-02	5.732741e-02	-4.389588e-02	6.314296e-02	6.063145e-02	1.109689e-01	2.105114e-02	-2.641107e-02	-2.053431e-02	2.228183e-02	1.913944e-02	-6.556489e-03	3.035330e-02	-1.321253e-02	1.291548e-01	3.252773e-02	1.269514e-02	-3.084098e-01	-2.260425e-02	1.685309e-01	1.035406e-01	-1.770914e-01	4.327971e-01	-1.210425e-01	1.036498e-01	8.765236e-02
9.272055e-02	1.248978e-02	7.306232e-03	-8.458335e-02	-2.051591e-02	-7.189231e-04	-1.225481e-02	-3.327576e-02	1.274791e-01	-7.036372e-02	-1.671198e-02	-5.654027e-03	-3.920948e-02	-1.848722e-02	-1.434170e-01	-6.603093e-02	6.123902e-02	1.042355e-02	-6.720036e-02	-4.435693e-02	-4.182023e-02	1.185354e-01	1.054446e-01	-1.230458e-01	-8.246556e-02	1.103959e-01	-1.304470e-02	3.953554e-01	1.498424e-01	4.291559e-02
-1.818723e-01	1.247042e-01	-1.803034e-01	1.760887e-01	9.138624e-02	1.446470e-01	1.262419e-01	1.543194e-01	-7.094949e-02	2.093560e-01	-1.461631e-01	-6.349806e-02	7.495258e-02	-5.493370e-02	-1.235830e-01	-9.118863e-02	-8.982274e-02	-1.512837e-01	1.670669e-01	1.621037e-01	-1.393423e-01	-6.450981e-02	-8.168055e-02	-2.305529e-02	1.523408e-01	1.455526e-01	2.739701e-02	2.066152e-01	3.413102e-01	-7.295614e-02
2.689424e-02	1.199744e-01	-7.611292e-02	9.342524e-02	6.585369e-02	-1.403224e-01	-2.408147e-02	1.375094e-02	-1.920553e-02	3.984038e-02	1.907800e-02	1.178798e-01	-2.244189e-01	-1.628555e-01	-6.099979e-02	-1.815622e-01	9.694918e-02	7.226080e-02	-3.669763e-02	-3.997805e-02	-2.695854e-02	1.265775e-01	-9.021909e-02	-7.057123e-02	3.918950e-02	2.368510e-01	1.221186e-01	4.322301e-03	1.045390e-02	1.645844e-01

B:
2.016255e-02	-1.059218e-01	-2.730032e-01	-7.498126e-02	-5.972045e-01	-1.242814e-01	-3.786455e-02	-5.382471e-02	1.397919e-01	-9.094547e-02	-1.235036e-02	-1.213887e-02	4.232379e-02	-1.619731e-01	7.586537e-02
1.632994e-01	-4.162657e-02	-2.373183e-01	-1.573767e-01	-6.880687e-02	2.453703e-01	1.588502e-01	5.571825e-02	-2.786313e-01	-4.948912e-02	-8.025194e-02	-5.029725e-02	1.326538e-01	4.341927e-02	-2.279482e-01
-1.730324e-01	-2.967580e-01	7.994538e-02	3.395920e-02	2.404317e-01	1.078978e-01	3.598088e-01	-3.395301e-03	-7.560794e-02	-2.131576e-01	1.824013e-01	-1.752867e-01	-3.749970e-03	1.131684e-01	-2.489302e-02
2.560752e-02	-7.047289e-02	-4.134369e-01	7.045828e-02	2.170213e-01	4.785516e-02	-4.348601e-02	2.439702e-03	-1.571571e-01	2.006142e-01	1.704850e-01	8.519595e-02	-3.875348e-01	1.054133e-01	-1.344566e-01
9.335167e-02	1.888613e-01	-8.575567e-02	-1.068784e-01	-5.345158e-02	7.684517e-02	-1.984926e-02	-6.381874e-02	-3.106970e-01	-1.683165e-01	-1.986778e-01	5.812964e-02	-3.337958e-01	1.280496e-03	4.098065e-01
1.476009e-01	-3.366499e-01	1.827618e-01	3.954257e-02	1.034019e-01	-3.923387e-01	-6.304339e-02	-3.020026e-01	-6.607065e-03	-6.142851e-03	-7.860332e-02	-8.038128e-02	-9.165160e-02	-8.401382e-02	1.042939e-01
-3.606179e-01	3.869554e-03	3.734052e-02	-9.596500e-02	-4.085209e-02	1.132006e-01	1.078560e-01	-1.665121e-01	3.316949e-02	2.448225e-01	-1.149809e-01	1.319138e-01	-5.102747e-02	1.456738e-01	-3.678769e-01
3.274715e-01	-1.121658e-01	-6.604646e-02	5.088121e-02	1.114080e-01	-3.013994e-02	-1.239302e-01	2.168417e-01	-2.185091e-01	-2.675778e-01	6.387650e-02	-1.631036e-01	2.593755e-02	-3.194252e-01	-1.885167e-01
3.249641e-01	1.032054e-01	2.728924e-01	8.535309e-02	9.898484e-02	8.033348e-02	1.911933e-01	-2.494129e-02	-1.785601e-03	2.278242e-01	1.461984e-01	3.259456e-02	1.472159e-02	-2.018460e-01	7.498871e-02
1.099185e-01	1.114424e-01	2.771887e-01	-2.479164e-01	1.307761e-01	2.611155e-01	1.290422e-02	-2.330271e-02	4.175564e-02	-2.269824e-01	1.397456e-01	1.455563e-02	-2.280557e-01	1.765899e-01	1.153813e-01
-8.671020e-02	3.335245e-01	-4.522520e-01	1.592027e-02	1.953994e-01	4.359803e-02	6.579375e-02	-2.422404e-01	4.902406e-02	-1.651917e-01	1.503458e-02	-1.029924e-01	-3.789668e-02	-1.717553e-01	1.518799e-01
-1.748095e-01	-4.620223e-01	1.485399e-02	-1.694678e-01	-1.487356e-01	2.530997e-01	1.331151e-01	-1.219337e-01	-3.766011e-01	8.663432e-02	1.348485e-02	-7.076332e-02	-1.004873e-01	-8.841123e-02	3.200696e-01
-8.732122e-02	1.048981e-01	4.040856e-02	1.578871e-01	8.858078e-02	-8.487558e-03	-3.345162e-01	1.403525e-02	-2.781101e-01	1.634210e-01	2.613614e-01	2.332249e-01	6.569002e-03	7.559189e-02	1.009351e-02
2.743724e-02	2.578916e-01	9.923516e-02	5.760730e-02	2.068465e-01	7.015102e-02	3.333109e-01	-6.060832e-02	6.971780e-02	5.558059e-02	-1.115518e-01	2.383875e-01	-2.273061e-01	-2.178287e-01	-2.789336e-02
2.336682e-01	-8.288529e-02	-1.586459e-01	4.110950e-01	-1.449757e-01	2.298295e-02	3.324602e-01	3.709749e-01	-1.355026e-01	1.556261e-01	-1.026267e-01	3.397725e-03	1.916546e-02	2.152277e-01	-1.973614e-02
1.942893e-02	2.545366e-02	-2.382485e-01	-1.715093e-01	1.379514e-01	-1.829727e-02	-1.022219e-01	3.295681e-01	2.692090e-01	3.234143e-01	8.157004e-02	-1.174035e-01	-5.730182e-02	-8.894323e-02	2.371669e-01
9.575309e-02	-1.814734e-01	-1.976152e-01	-4.917171e-02	-1.034006e-01	2.110179e-01	-1.734201e-01	-4.402539e-02	1.124190e-01	7.902768e-02	8.751577e-02	3.900975e-01	-1.448142e-01	1.802285e-01	9.269782e-02
8.311043e-02	-1.540740e-01	-2.527962e-02	2.002292e-01	3.840983e-02	1.374823e-01	-1.702963e-01	-1.781894e-01	3.700721e-01	-1.038166e-01	-3.878175e-01	-2.490585e-01	-3.263073e-01	1.849322e-01	-2.576293e-02
1.025212e-01	3.019209e-01	-2.421003e-02	-1.527747e-01	-2.763099e-01	-3.700666e-01	2.278781e-01	-2.312547e-02	-1.607704e-01	-2.043467e-01	3.476086e-02	2.867229e-02	-2.646332e-01	1.102758e-01	-1.603078e-01
4.169321e-02	-1.536524e-01	-7.758286e-02	3.664180e-01	1.208968e-01	1.068404e-01	8.488431e-02	8.028822e-02	1.010909e-01	-1.461379e-01	-3.214494e-01	2.795649e-01	-1.825320e-02	-2.551161e-01	6.621218e-02
-7.877600e-02	-9.076013e-02	-1.902827e-01	-3.059277e-01	1.945210e-01	-1.035545e-01	1.910844e-01	2.512499e-01	2.622741e-01	6.464048e-04	1.455323e-01	-2.399120e-01	-1.759522e-02	-6.531527e-03	6.462560e-02
-4.005586e-01	1.605586e-01	7.419620e-02	1.016843e-01	-8.367198e-03	1.641806e-01	-2.754135e-01	2.082616e-01	-2.365911e-01	1.223532e-02	-1.815819e-01	-2.661216e-01	-5.954954e-02	-3.658138e-01	-2.612767e-02
3.165986e-01	4.686145e-02	-5.281825e-02	-2.984024e-01	1.049691e-01	1.308750e-01	-1.606770e-01	-1.719928e-01	-5.652455e-02	2.018510e-01	-2.793937e-01	1.061106e-01	3.359496e-01	-4.970911e-02	-4.777583e-02
-1.698745e-01	-6.785991e-02	7.423679e-02	2.740842e-02	8.626038e-02	-2.067314e-01	-2.302778e-01	3.881217e-01	-1.355402e-02	-3.204182e-01	-2.197078e-02	2.989022e-01	-5.246989e-02	2.017126e-01	6.503926e-02
4.876488e-02	-8.618830e-02	9.646012e-02	-3.724476e-01	4.953329e-02	4.449528e-03	-4.726388e-02	2.674988e-01	-5.548255e-02	4.764647e-02	-3.930846e-01	-5.189606e-03	-2.527132e-01	-1.036232e-02	-3.510599e-01
2.473911e-01	-1.342450e-01	-1.253359e-01	-3.834132e-02	2.493097e-01	-7.491607e-02	-2.538935e-01	-1.486351e-01	-1.213840e-01	-1.419244e-01	1.444399e-01	-7.067947e-02	-6.609501e-04	6.626697e-02	-1.669671e-01
-8.816189e-03	-1.757302e-01	1.562220e-02	-1.151261e-01	-1.345642e-01	1.819208e-01	1.663860e-02	1.608572e-02	2.330728e-01	-2.011314e-01	2.936769e-01	3.358715e-01	-1.404556e-01	-4.670135e-01	-2.367430e-01
2.387290e-01	1.472714e-01	2.161882e-01	7.647353e-02	-2.664314e-01	4.070325e-01	-1.506947e-01	1.625093e-01	1.385717e-01	-2.644530e-02	1.847450e-01	-2.497241e-01	-1.126203e-01	1.234640e-01	3.327446e-02
-2.749166e-02	3.408943e-02	-4.191137e-02	-1.760011e-01	1.223129e-01	1.457174e-01	8.417509e-02	1.224465e-01	4.308088e-02	-3.030400e-01	-1.754402e-01	2.168148e-01	3.883667e-01	1.574939e-01	2.127848e-01
-9.977649e-02	9.043472e-02	-1.605824e-01	1.738437e-01	-5.701891e-03	2.354383e-01	-4.106491e-02	-1.908806e-01	3.120030e-02	-2.603167e-01	8.390685e-02	-1.192467e-01	1.543033e-01	1.319510e-01	-2.601261e-01

B'B:
1.000000e+00	5.905006e-17	-2.178499e-16	-1.619720e-16	1.889606e-16	3.227678e-17	-1.922016e-16	5.871174e-17	1.612783e-16	-4.464230e-17	5.184540e-18	1.401565e-16	-2.643043e-16	-1.192163e-17	-3.256733e-16
5.905006e-17	1.000000e+00	2.255740e-16	-1.018268e-16	-2.385160e-18	-8.166075e-18	-1.979315e-16	2.374457e-17	-1.798537e-16	-3.548228e-18	-8.929815e-17	-1.201339e-16	6.645457e-17	2.348373e-16	8.104880e-17
-2.178499e-16	2.255740e-16	1.000000e+00	-1.202746e-16	5.271991e-17	-5.488731e-18	1.232783e-16	8.238917e-17	1.530244e-16	-7.991088e-17	9.511103e-17	-1.506043e-16	-1.222337e-16	6.843164e-17	5.716971e-18
-1.619720e-16	-1.018268e-16	-1.202746e-16	1.000000e+00	-6.514624e-17	9.388914e-17	-9.545965e-17	-3.770451e-17	-1.017120e-17	1.865779e-16	1.185424e-16	1.042020e-16	1.113178e-17	-5.966753e-17	-4.922568e-17
1.889606e-16	-2.385160e-18	5.271991e-17	-6.514624e-17	1.000000e+00	-1.770406e-16	4.649498e-17	-1.219245e-16	-5.198445e-17	-4.637127e-17	3.097348e-18	3.737496e-16	-3.575485e-17	7.924046e-17	-1.101085e-16
3.227678e-17	-8.166075e-18	-5.488731e-18	9.388914e-17	-1.770406e-16	1.000000e+00	1.521104e-17	-4.137537e-17	1.821416e-16	-4.539475e-17	8.820367e-17	-1.334731e-16	8.688444e-17	-6.499497e-17	1.052633e-16
-1.922016e-16	-1.979315e-16	1.232783e-16	-9.545965e-17	4.649498e-17	1.521104e-17	1.000000e+00	-2.265201e-16	2.589577e-17	-1.141356e-16	2.490691e-17	2.125200e-16	1.582075e-16	2.343350e-16	9.183861e-17
5.871174e-17	2.374457e-17	8.238917e-17	-3.770451e-17	-1.219245e-16	-4.137537e-17	-2.265201e-16	1.000000e+00	1.789550e-16	4.298717e-17	-5.557107e-17	-1.031417e-17	-6.272480e-17	-3.476649e-17	-7.340787e-18
1.612783e-16	-1.798537e-16	1.530244e-16	-1.017120e-17	-5.198445e-17	1.821416e-16	2.589577e-17	1.789550e-16	1.000000e+00	-1.166954e-17	-1.656192e-16	1.740815e-17	5.472281e-17	-4.858309e-17	1.631584e-17
-4.464230e-17	-3.548228e-18	-7.991088e-17	1.865779e-16	-4.637127e-17	-4.539475e-17	-1.141356e-16	4.298717e-17	-1.166954e-17	1.000000e+00	-1.161562e-16	-2.232039e-16	-5.001282e-17	-2.183113e-16	-2.738153e-17
5.184540e-18	-8.929815e-17	9.511103e-17	1.185424e-16	3.097348e-18	8.820367e-17	2.490691e-17	-5.557107e-17	-1.656192e-16	-1.161562e-16	1.000000e+00	3.599304e-17	4.692485e-17	7.889535e-17	4.353697e-17
1.401565e-16	-1.201339e-16	-1.506043e-16	1.042020e-16	3.737496e-16	-1.334731e-16	2.125200e-16	-1.031417e-17	1.740815e-17	-2.232039e-16	3.599304e-17	1.000000e+00	-8.418075e-17	1.670391e-17	-2.117856e-17
-2.643043e-16	6.645457e-17	-1.222337e-16	1.113178e-17	-3.575485e-17	8.688444e-17	1.582075e-16	-6.272480e-17	5.472281e-17	-5.001282e-17	4.692485e-17	-8.418075e-17	1.000000e+00	3.199551e-17	9.855652e-17
-1.192163e-17	2.348373e-16	6.843164e-17	-5.966753e-17	7.924046e-17	-6.499497e-17	2.343350e-16	-3.476649e-17	-4.858309e-17	-2.183113e-16	7.889535e-17	1.670391e-17	3.199551e-17	1.000000e+00	3.189971e-17
-3.256733e-16	8.104880e-17	5.716971e-18	-4.922568e-17	-1.101085e-16	1.052633e-16	9.183861e-17	-7.340787e-18	1.631584e-17	-2.738153e-17	4.353697e-17	-2.117856e-17	9.855652e-17	3.189971e-17	1.000000e+00

BB':
5.301037e-01	3.431404e-02	-1.785512e-01	-1.055015e-01	3.023887e-02	1.064852e-02	-6.694643e-02	-3.552846e-03	-1.444398e-01	-1.813825e-01	3.431156e-02	8.747510e-02	-1.466760e-01	-1.730598e-01	9.728185e-03	2.023055e-02	9.767413e-02	9.166237e-03	1.458827e-01	-8.621013e-03	1.790086e-03	-4.311584e-02	-3.084885e-02	-6.262232e-02	-7.385998e-02	-9.408040e-02	1.739684e-01	3.023236e-02	-4.027237e-02	-9.416350e-04
3.431404e-02	3.632631e-01	6.256279e-02	8.389265e-02	3.066056e-02	-1.687870e-01	5.028083e-02	1.528928e-01	-3.559667e-02	-1.886611e-02	2.236983e-02	1.135142e-01	-7.504696e-02	-4.478793e-02	1.581618e-01	-8.339270e-02	1.232442e-02	-9.512487e-02	5.398322e-02	-2.798551e-02	-2.942015e-04	-2.154351e-02	1.751715e-01	-1.251268e-01	1.433123e-01	7.127431e-02	-2.671002e-03	1.610518e-02	9.528931e-02	1.206424e-01
-1.785512e-01	6.256279e-02	4.530624e-01	2.952271e-02	-9.003355e-02	4.098917e-02	2.978695e-02	3.352221e-02	-1.303525e-02	1.121204e-01	-1.418239e-02	2.099219e-01	-1.061924e-01	3.689776e-03	5.396156e-02	-1.120815e-01	-1.036533e-01	-1.061900e-02	-6.426166e-02	9.084253e-04	1.648087e-01	-6.477093e-02	-2.149243e-01	4.986016e-03	-6.155886e-02	3.654292e-02	1.773412e-02	-5.384808e-02	6.271772e-02	1.035640e-01
-1.055015e-01	8.389265e-02	2.952271e-02	5.134437e-01	7.032343e-02	-4.740414e-02	7.988071e-02	3.511375e-02	-5.218868e-02	-3.240064e-02	1.325188e-01	4.317218e-02	1.631734e-01	4.952744e-02	1.156881e-01	1.268518e-01	1.975666e-01	4.252277e-02	2.132637e-02	-7.267125e-03	5.178060e-02	-5.252154e-02	-7.699513e-02	-1.611953e-02	4.973717e-02	1.650103e-01	1.514354e-02	-8.432747e-02	-2.095400e-01	1.716685e-02
3.023887e-02	3.066056e-02	-9.003355e-02	7.032343e-02	5.234669e-01	2.404589e-03	-1.610509e-01	-5.604061e-03	-2.340307e-02	1.702884e-01	1.773065e-01	2.060307e-01	1.424937e-02	9.735460e-02	-2.264862e-02	-2.730405e-02	6.847815e-02	4.635724e-02	1.701659e-01	4.350838e-02	-1.057703e-01	8.169654e-02	6.923221e-03	4.564363e-02	2.885906e-02	-3.129324e-02	-1.313489e-01	2.308920e-02	6.429937e-02	-1.130687e-01
1.064852e-02	-1.687870e-01	4.098917e-02	-4.740414e-02	2.404589e-03	4.689429e-01	-1.058680e-01	5.768272e-02	4.859653e-02	-5.607282e-02	-9.346454e-02	9.610617e-02	-4.959176e-02	-4.617001e-02	-1.215124e-01	-9.094941e-02	-6.375338e-02	1.423941e-01	7.813758e-03	3.221236e-02	-4.011935e-02	-1.357875e-01	1.204885e-02	-2.584104e-02	-1.650731e-02	1.464333e-01	-5.800306e-02	-1.904115e-01	-1.456571e-01	-1.483465e-01
-6.694643e-02	5.028083e-02	2.978695e-02	7.988071e-02	-1.610509e-01	-1.058680e-01	4.453245e-01	-2.634332e-01	-9.949962e-02	-4.899561e-02	-7.456114e-02	1.979252e-02	1.371845e-02	8.513446e-02	-6.385998e-02	-1.069930e-01	4.286100e-02	2.623471e-02	8.744551e-03	-6.992428e-02	-5.393692e-02	3.290855e-02	2.136680e-02	-8.405525e-02	1.651353e-01	-1.056271e-01	3.459363e-02	-1.157097e-01	-7.358277e-02	8.685954e-02
-3.552846e-03	1.528928e-01	3.352221e-02	3.511375e-02	-5.604061e-03	5.768272e-02	-2.634332e-01	4.907398e-01	5.483491e-02	-3.328911e-02	1.144230e-03	-4.535349e-02	-1.055367e-02	-6.425532e-02	5.593379e-02	-2.822012e-02	-1.262204e-01	-6.095694e-02	1.613250e-02	9.121240e-02	1.736879e-02	1.249650e-01	3.387864e-02	3.750333e-02	1.076095e-01	2.272116e-01	1.479155e-01	4.393199e-02	-4.890336e-02	3.113916e-02
-1.444398e-01	-3.559667e-02	-1.303525e-02	-5.218868e-02	-2.340307e-02	4.859653e-02	-9.949962e-02	5.483491e-02	3.723621e-01	7.744225e-02	-6.773005e-02	-2.035679e-02	1.986816e-02	2.014074e-01	7.714554e-02	2.990052e-02	-5.932497e-02	-1.251631e-01	-4.653195e-02	2.740407e-02	-5.276036e-02	-9.116959e-02	8.240542e-02	-2.044398e-01	-8.360008e-02	-3.632339e-02	5.959799e-02	1.202756e-01	-9.283680e-02	-1.316660e-01
-1.813825e-01	-1.886611e-02	1.121204e-01	-3.240064e-02	1.702884e-01	-5.607282e-02	-4.899561e-02	-3.328911e-02	7.744225e-02	4.183023e-01	-2.225584e-02	3.632282e-02	-1.689809e-02	8.439261e-02	-1.706728e-01	-4.203550e-02	6.829286e-02	6.349126e-02	5.306825e-02	-1.186627e-01	3.730280e-02	-9.334792e-02	-2.738607e-02	6.136644e-02	6.278297e-02	3.911517e-02	6.562385e-02	2.346237e-01	9.808744e-02	4.627453e-03
3.431156e-02	2.236983e-02	-1.418239e-02	1.325188e-01	1.773065e-01	-9.346454e-02	-7.456114e-02	1.144230e-03	-6.773005e-02	-2.225584e-02	5.211622e-01	-8.576410e-02	-5.409396e-02	1.295577e-01	-1.398647e-01	7.797955e-02	-4.978229e-02	3.328848e-02	4.098023e-02	5.051171e-02	9.420107e-02	6.547692e-02	1.928413e-03	-1.439956e-01	-1.984923e-01	4.482672e-02	-2.385531e-02	-1.239563e-01	5.378878e-02	1.569488e-01
8.747510e-02	1.135142e-01	2.099219e-01	4.317218e-02	2.060307e-01	9.610617e-02	1.979252e-02	-4.535349e-02	-2.035679e-02	3.632282e-02	-8.576410e-02	6.666141e-01	-1.911862e-02	-1.001297e-01	-1.255799e-02	-4.299843e-02	8.994754e-02	-7.728402e-02	-1.444823e-01	-1.824410e-02	-1.236601e-02	9.695934e-02	-2.727274e-02	-1.214722e-01	-1.526667e-02	-6.716845e-02	2.340811e-02	-4.001407e-02	-1.180743e-02	-1.131039e-01
-1.466760e-01	-7.504696e-02	-1.061924e-01	1.631734e-01	1.424937e-02	-4.959176e-02	1.371845e-02	-1.055367e-02	1.986816e-02	-1.689809e-02	-5.409396e-02	-1.911862e-02	3.978209e-01	-5.896384e-02	-3.636333e-02	-1.732245e-02	1.124090e-01	-2.038838e-01	-6.820002e-02	-7.205256e-02	-1.916269e-01	9.375672e-02	-1.405708e-02	1.378524e-01	-1.310087e-01	9.391359e-02	-3.522780e-02	-2.839968e-03	-8.053374e-02	-1.024912e-03
-1.730598e-01	-4.478793e-02	3.689776e-03	4.952744e-02	9.735460e-02	-4.617001e-02	8.513446e-02	-6.425532e-02	2.014074e-01	8.439261e-02	1.295577e-01	-1.001297e-01	-5.896384e-02	4.200209e-01	1.369994e-02	-2.777904e-02	-4.180128e-02	-1.827393e-02	8.470816e-02	1.901587e-01	-3.212554e-02	-1.604625e-02	-1.435969e-02	-8.902761e-02	5.670395e-02	-1.307228e-01	1.314923e-01	-9.041674e-02	-2.120665e-02	-7.875882e-02
9.728185e-03	1.581618e-01	5.396156e-02	1.156881e-01	-2.264862e-02	-1.215124e-01	-6.385998e-02	5.593379e-02	7.714554e-02	-1.706728e-01	-1.398647e-01	-1.255799e-02	-3.636333e-02	1.369994e-02	6.255409e-01	1.773837e-02	1.800026e-02	9.422178e-05	4.704108e-02	1.692862e-01	-3.451531e-02	-1.138577e-01	-1.088422e-01	1.195513e-02	-1.832132e-02	-1.075163e-01	-1.925270e-01	7.994208e-02	-1.304375e-02	-2.936033e-02
2.023055e-02	-8.339270e-02	-1.120815e-01	1.268518e-01	-2.730405e-02	-9.094941e-02	-1.069930e-01	-2.822012e-02	2.990052e-02	-4.203550e-02	7.797955e-02	-4.299843e-02	-1.732245e-02	-2.777904e-02	1.773837e-02	4.905831e-01	6.926440e-02	-9.363276e-03	-1.631788e-01	-5.460557e-02	3.137329e-01	4.026772e-02	3.159056e-02	-3.951227e-03	4.055392e-02	-5.339530e-02	-3.125482e-02	4.502817e-02	-2.551017e-02	-1.922166e-01
9.767413e-02	1.232442e-02	-1.036533e-01	1.975666e-01	6.847815e-02	-6.375338e-02	4.286100e-02	-1.262204e-01	-5.932497e-02	6.829286e-02	-4.978229e-02	8.994754e-02	1.124090e-01	-4.180128e-02	1.800026e-02	6.926440e-02	4.115687e-01	7.398302e-02	-9.735629e-02	6.452244e-02	-6.854692e-02	-2.181140e-01	6.362312e-02	8.814923e-02	-2.491198e-02	4.045898e-02	1.635850e-01	5.595475e-02	4.821950e-02	-1.590021e-02
9.166237e-03	-9.512487e-02	-1.061900e-02	4.252277e-02	4.635724e-02	1.423941e-01	2.623471e-02	-6.095694e-02	-1.251631e-01	6.349126e-02	3.328848e-02	-7.728402e-02	-2.038838e-01	-1.827393e-02	9.422178e-05	-9.363276e-03	7.398302e-02	6.540098e-01	-1.121809e-01	1.577274e-01	-2.991117e-02	-7.173241e-03	-3.681872e-02	-4.002982e-02	1.210653e-01	5.390686e-02	-1.078064e-01	1.527283e-01	-9.478033e-02	1.062813e-01
1.458827e-01	5.398322e-02	-6.426166e-02	2.132637e-02	1.701659e-01	7.813758e-03	8.744551e-03	1.613250e-02	-4.653195e-02	5.306825e-02	4.098023e-02	-1.444823e-01	-6.820002e-02	8.470816e-02	4.704108e-02	-1.631788e-01	-9.735629e-02	-1.121809e-01	5.688779e-01	-1.751388e-01	-1.236809e-02	-1.347423e-01	-1.421561e-01	4.849531e-02	1.086351e-01	-1.609915e-02	-1.638338e-02	-4.261615e-02	-1.003951e-01	-3.299841e-02
-8.621013e-03	-2.798551e-02	9.084253e-04	-7.267125e-03	4.350838e-02	3.221236e-02	-6.992428e-02	9.121240e-02	2.740407e-02	-1.186627e-01	5.051171e-02	-1.824410e-02	-7.205256e-02	1.901587e-01	1.692862e-01	-5.460557e-02	6.452244e-02	1.577274e-01	-1.751388e-01	4.881745e-01	-1.189947e-01	5.095189e-02	-1.236776e-02	9.746772e-02	-8.403864e-03	-7.040085e-02	1.475907e-01	-1.284597e-01	1.121798e-01	-9.059533e-03
1.790086e-03	-2.942015e-04	1.648087e-01	5.178060e-02	-1.057703e-01	-4.011935e-02	-5.393692e-02	1.736879e-02	-5.276036e-02	3.730280e-02	9.420107e-02	-1.236601e-02	-1.916269e-01	-3.212554e-02	-3.451531e-02	3.137329e-01	-6.854692e-02	-2.991117e-02	-1.236809e-02	-1.189947e-01	4.444983e-01	-7.005044e-02	-8.439001e-02	1.386976e-02	7.826495e-02	-6.492892e-03	2.447886e-02	-5.219587e-02	5.588600e-02	-7.582390e-02
-4.311584e-02	-2.154351e-02	-6.477093e-02	-5.252154e-02	8.169654e-02	-1.357875e-01	3.290855e-02	1.249650e-01	-9.116959e-02	-9.334792e-02	6.547692e-02	9.695934e-02	9.375672e-02	-1.604625e-02	-1.138577e-01	4.026772e-02	-2.181140e-01	-7.173241e-03	-1.347423e-01	5.095189e-02	-7.005044e-02	6.462880e-01	-8.674778e-02	2.640123e-02	1.194361e-01	-1.095381e-01	-2.039303e-02	5.671565e-02	-1.053451e-01	2.577750e-02
-3.084885e-02	1.751715e-01	-2.149243e-01	-7.699513e-02	6.923221e-03	1.204885e-02	2.136680e-02	3.387864e-02	8.240542e-02	-2.738607e-02	1.928413e-03	-2.727274e-02	-1.405708e-02	-1.435969e-02	-1.088422e-01	3.159056e-02	6.362312e-02	-3.681872e-02	-1.421561e-01	-1.236776e-02	-8.439001e-02	-8.674778e-02	5.286846e-01	-1.736339e-01	1.392292e-01	1.076371e-01	-8.609910e-02	-6.703729e-02	1.658473e-01	-3.380059e-02
-6.262232e-02	-1.251268e-01	4.986016e-03	-1.611953e-02	4.564363e-02	-2.584104e-02	-8.405525e-02	3.750333e-02	-2.044398e-01	6.136644e-02	-1.439956e-01	-1.214722e-01	1.378524e-01	-8.902761e-02	1.195513e-02	-3.951227e-03	8.814923e-02	-4.002982e-02	4.849531e-02	9.746772e-02	1.386976e-02	2.640123e-02	-1.736339e-01	5.339176e-01	9.348371e-02	1.986245e-02	1.761950e-02	-8.088566e-02	1.933953e-01	-6.303446e-02
-7.385998e-02	1.433123e-01	-6.155886e-02	4.973717e-02	2.885906e-02	-1.650731e-02	1.651353e-01	1.076095e-01	-8.360008e-02	6.278297e-02	-1.984923e-01	-1.526667e-02	-1.310087e-01	5.670395e-02	-1.832132e-02	4.055392e-02	-2.491198e-02	1.210653e-01	1.086351e-01	-8.403864e-03	7.826495e-02	1.194361e-01	1.392292e-01	9.348371e-02	5.811963e-01	1.173862e-02	4.050964e-02	-3.424582e-02	-3.075652e-02	-1.367916e-01
-9.408040e-02	7.127431e-02	3.654292e-02	1.650103e-01	-3.129324e-02	1.464333e-01	-1.056271e-01	2.272116e-01	-3.632339e-02	3.911517e-02	4.482672e-02	-6.716845e-02	9.391359e-02	-1.307228e-01	-1.075163e-01	-5.339530e-02	4.045898e-02	5.390686e-02	-1.609915e-02	-7.040085e-02	-6.492892e-03	-1.095381e-01	1.076371e-01	1.986245e-02	1.173862e-02	3.437302e-01	-2.319235e-03	-3.958262e-02	-4.760412e-02	1.021555e-01
1.739684e-01	-2.671002e-03	1.773412e-02	1.514354e-02	-1.313489e-01	-5.800306e-02	3.459363e-02	1.479155e-01	5.959799e-02	6.562385e-02	-2.385531e-02	2.340811e-02	-3.522780e-02	1.314923e-01	-1.925270e-01	-3.125482e-02	1.635850e-01	-1.078064e-01	-1.638338e-02	1.475907e-01	2.447886e-02	-2.039303e-02	-8.609910e-02	1.761950e-02	4.050964e-02	-2.319235e-03	6.839044e-01	3.487274e-02	-5.890465e-02	2.481674e-02
3.023236e-02	1.610518e-02	-5.384808e-02	-8.432747e-02	2.308920e-02	-1.904115e-01	-1.157097e-01	4.393199e-02	1.202756e-01	2.346237e-01	-1.239563e-01	-4.001407e-02	-2.839968e-03	-9.041674e-02	7.994208e-02	4.502817e-02	5.595475e-02	1.527283e-01	-4.261615e-02	-1.284597e-01	-5.219587e-02	5.671565e-02	-6.703729e-02	-8.088566e-02	-3.424582e-02	-3.958262e-02	3.487274e-02	5.624734e-01	-7.990978e-02	8.734166e-02
-4.027237e-02	9.528931e-02	6.271772e-02	-2.095400e-01	6.429937e-02	-1.456571e-01	-7.358277e-02	-4.890336e-02	-9.283680e-02	9.808744e-02	5.378878e-02	-1.180743e-02	-8.053374e-02	-2.120665e-02	-1.304375e-02	-2.551017e-02	4.821950e-02	-9.478033e-02	-1.003951e-01	1.121798e-01	5.588600e-02	-1.053451e-01	1.658473e-01	1.933953e-01	-3.075652e-02	-4.760412e-02	-5.890465e-02	-7.990978e-02	4.853109e-01	5.375246e-02
-9.416350e-04	1.206424e-01	1.035640e-01	1.716685e-02	-1.130687e-01	-1.483465e-01	8.685954e-02	3.113916e-02	-1.316660e-01	4.627453e-03	1.569488e-01	-1.131039e-01	-1.024912e-03	-7.875882e-02	-2.936033e-02	-1.922166e-01	-1.590021e-02	1.062813e-01	-3.299841e-02	-9.059533e-03	-7.582390e-02	2.577750e-02	-3.380059e-02	-6.303446e-02	-1.367916e-01	1.021555e-01	2.481674e-02	8.734166e-02	5.375246e-02	3.666121e-01

Q:
2.252478e+00	1.246560e-01	9.272169e-02	5.897652e-02	4.433181e-01	-1.764264e-01	1.794075e-01	2.637634e-02	-2.830807e-02	2.374954e-01	-2.141076e-01	-1.595695e-01	-4.339929e-02	-4.795481e-02	-1.337188e-01	4.798415e-03	-5.109581e-02	2.312224e-02	1.279535e-01	6.745031e-02	-9.080696e-03	3.470398e-01	1.262261e-01	-9.320326e-02	-1.737859e-01	1.394190e-01	2.495488e-02	1.345879e-01	9.825304e-02	-1.702639e-01
1.246560e-01	2.294051e+00	2.373388e-01	9.245297e-02	-2.232595e-01	-1.156082e-01	7.748325e-02	4.419887e-02	2.209668e-01	-2.330173e-01	3.074203e-01	4.940144e-02	1.761144e-01	-4.271948e-02	-5.117129e-02	-3.041978e-01	-7.850335e-02	-1.265614e-01	-2.499818e-01	-1.854205e-01	-9.350729e-02	2.982607e-03	5.061220e-02	-1.066352e-01	-3.581598e-01	-1.976946e-01	7.915288e-02	-3.274010e-01	2.221768e-01	3.553456e-02
9.272169e-02	2.373388e-01	2.241778e+00	1.601524e-01	-1.145677e-01	3.174377e-01	-1.075120e-01	-1.061277e-01	2.276064e-01	7.720530e-02	9.121673e-02	-8.257872e-02	7.652182e-02	1.871355e-01	-1.304057e-01	8.398000e-04	-9.368946e-02	4.325411e-02	9.316020e-02	-1.094319e-01	-1.470401e-01	-1.023738e-01	-1.739998e-02	1.524213e-02	3.745645e-02	7.920417e-02	4.961734e-02	1.842271e-02	-3.799634e-01	5.605179e-02
5.897652e-02	9.245297e-02	1.601524e-01	2.325870e+00	1.007507e-01	-4.924204e-02	4.624986e-02	-1.369677e-01	2.637733e-01	6.333850e-02	-1.327263e-01	8.959511e-02	2.261578e-02	5.174517e-02	7.197654e-02	1.630637e-01	1.306925e-01	8.640498e-03	2.006153e-01	-3.577952e-02	-4.706482e-02	-1.524745e-01	7.301567e-02	2.321263e-02	6.863605e-02	-6.866882e-02	-1.257246e-01	9.941998e-03	-8.450443e-02	6.489774e-02
4.433181e-01	-2.232595e-01	-1.145677e-01	1.007507e-01	2.506898e+00	2.522546e-01	1.621898e-01	1.262339e-02	-4.407114e-02	3.463483e-01	1.391341e-02	1.236992e-01	1.401879e-01	-1.586269e-01	-1.256674e-01	1.295798e-01	4.734178e-02	8.510175e-02	-1.408174e-01	3.218508e-01	1.475620e-01	-1.167514e-02	6.613539e-02	9.671774e-02	-3.594366e-02	1.740432e-01	-1.581595e-01	5.083659e-02	-4.033056e-02	6.128578e-02
-1.764264e-01	-1.156082e-01	3.174377e-01	-4.924204e-02	2.522546e-01	2.306507e+00	-6.996110e-02	-9.572810e-02	1.158389e-01	3.184940e-01	1.267423e-02	2.277297e-01	-1.209098e-01	7.553442e-02	-8.491582e-02	3.492272e-02	-3.312818e-02	4.269682e-01	1.008433e-01	8.924798e-02	-2.804255e-02	-9.462262e-02	-4.320157e-02	9.242901e-02	6.736006e-02	-2.422733e-01	1.713339e-01	8.165533e-03	-2.567508e-02	-2.615621e-03
1.794075e-01	7.748325e-02	-1.075120e-01	4.624986e-02	1.621898e-01	-6.996110e-02	2.026848e+00	-9.270446e-02	-1.682820e-01	3.181670e-02	1.782921e-01	2.553143e-02	1.054259e-01	4.046024e-02	5.003473e-02	-2.416133e-01	9.368150e-02	8.437149e-02	7.446984e-02	-1.558791e-01	-4.748513e-02	8.141687e-02	2.401104e-01	1.045651e-01	-4.592466e-02	1.195426e-01	9.151766e-02	-5.789380e-02	1.368492e-01	1.624474e-01
2.637634e-02	4.419887e-02	-1.061277e-01	-1.369677e-01	1.262339e-02	-9.572810e-02	-9.270446e-02	1.989959e+00	1.536651e-01	-2.108025e-01	-3.661280e-02	-6.923444e-02	-1.399500e-01	-3.462811e-02	-5.525195e-02	-2.408620e-01	-7.805672e-03	-1.130435e-01	-2.304194e-01	-1.093622e-01	-1.957309e-02	1.001999e-01	-6.470875e-02	-2.771409e-01	3.406118e-01	1.856265e-01	2.401308e-02	7.605948e-02	-1.659898e-01	-2.845825e-02
-2.830807e-02	2.209668e-01	2.276064e-01	2.637733e-01	-4.407114e-02	1.158389e-01	-1.682820e-01	1.536651e-01	2.457191e+00	-2.005717e-01	2.046510e-01	4.829271e-02	-1.817037e-02	-1.473072e-01	3.826747e-01	-3.899132e-02	4.250132e-03	1.755228e-01	-1.044346e-01	-1.832156e-01	3.306858e-02	1.699367e-01	-7.037006e-03	1.478926e-01	-1.177722e-01	2.271035e-01	-1.663908e-01	7.031898e-02	-2.442405e-01	-3.438700e-02
2.374954e-01	-2.330173e-01	7.720530e-02	6.333850e-02	3.463483e-01	3.184940e-01	3.181670e-02	-2.108025e-01	-2.005717e-01	2.250745e+00	-6.960151e-02	1.607118e-03	-1.210751e-01	3.420362e-02	2.133256e-01	-1.248280e-01	8.226375e-02	-2.304477e-01	1.065278e-01	-2.682106e-01	-4.583616e-02	-1.860930e-01	-9.934380e-02	1.673989e-03	-4.658873e-02	6.161322e-02	-7.274329e-03	5.561930e-02	-5.098991e-02	-1.216729e-01
-2.141076e-01	3.074203e-01	9.121673e-02	-1.327263e-01	1.391341e-02	1.267423e-02	1.782921e-01	-3.661280e-02	2.046510e-01	-6.960151e-02	2.701194e+00	3.116096e-01	-4.916982e-02	-2.885882e-03	-1.913954e-01	1.153552e-01	1.354090e-01	1.281713e-01	-1.419944e-01	-2.998777e-01	-2.360727e-01	-1.127200e-01	-3.092729e-02	1.755941e-01	-1.057458e-01	2.194884e-01	-9.917416e-02	1.126570e-01	4.853642e-02	-1.051317e-01
-1.595695e-01	4.940144e-02	-8.257872e-02	8.959511e-02	1.236992e-01	2.277297e-01	2.553143e-02	-6.923444e-02	4.829271e-02	1.607118e-03	3.116096e-01	2.389492e+00	2.203054e-02	4.091153e-02	-1.476523e-01	-1.152495e-01	-1.148043e-01	5.241788e-03	9.863580e-02	-1.911295e-01	-2.214835e-01	2.068202e-01	7.858823e-02	6.833993e-03	-2.383900e-01	-6.913830e-02	1.388166e-02	4.528271e-02	2.621197e-02	-6.552588e-02
-4.339929e-02	1.761144e-01	7.652182e-02	2.261578e-02	1.401879e-01	-1.209098e-01	1.054259e-01	-1.399500e-01	-1.817037e-02	-1.210751e-01	-4.916982e-02	2.203054e-02	2.445539e+00	-8.059102e-02	1.996134e-01	-7.022513e-02	-9.879510e-02	-4.741164e-03	1.994449e-01	1.660336e-01	1.346057e-01	-1.510728e-01	1.173522e-02	-1.625914e-01	1.049326e-02	1.115692e-01	1.523246e-02	-9.379367e-02	-6.377083e-02	-1.066360e-01
-4.795481e-02	-4.271948e-02	1.871355e-01	5.174517e-02	-1.586269e-01	7.553442e-02	4.046024e-02	-3.462811e-02	-1.473072e-01	3.420362e-02	-2.885882e-03	4.091153e-02	-8.059102e-02	1.900791e+00	-1.435462e-01	-7.004173e-02	-4.761975e-03	-3.705958e-02	2.228550e-01	-3.118867e-01	-9.860137e-02	-1.161050e-01	-1.534368e-02	-1.352892e-02	1.411727e-01	1.377821e-01	-5.614548e-02	-1.425423e-01	1.044740e-01	-2.067255e-01
-1.337188e-01	-5.117129e-02	-1.304057e-01	7.197654e-02	-1.256674e-01	-8.491582e-02	5.003473e-02	-5.525195e-02	3.826747e-01	2.133256e-01	-1.913954e-01	-1.476523e-01	1.996134e-01	-1.435462e-01	1.890343e+00	-3.426641e-02	-2.400364e-01	-5.834581e-02	1.070867e-01	1.011672e-01	-1.559749e-02	-3.630866e-02	2.157426e-04	1.139991e-01	-9.794062e-02	2.031369e-01	9.566097e-02	-1.829380e-01	1.661009e-01	5.940245e-02
4.798415e-03	-3.041978e-01	8.398000e-04	1.630637e-01	1.295798e-01	3.492272e-02	-2.416133e-01	-2.408620e-01	-3.899132e-02	-1.248280e-01	1.153552e-01	-1.152495e-01	-7.022513e-02	-7.004173e-02	-3.426641e-02	2.240976e+00	-3.823350e-01	9.874892e-02	-3.025878e-02	1.129378e-01	-4.875444e-02	-2.345964e-01	-3.929956e-02	1.348918e-01	-1.712306e-01	1.084570e-01	-1.223824e-01	-5.919537e-02	-5.733755e-03	9.958870e-02
-5.109581e-02	-7.850335e-02	-9.368946e-02	1.306925e-01	4.734178e-02	-3.312818e-02	9.368150e-02	-7.805672e-03	4.250132e-03	8.226375e-02	1.354090e-01	-1.148043e-01	-9.879510e-02	-4.761975e-03	-2.400364e-01	-3.823350e-01	2.564963e+00	-5.784759e-02	3.022573e-02	1.651341e-01	7.939726e-02	-5.452007e-05	-1.726400e-01	-1.417771e-01	-3.176229e-01	2.138776e-01	-1.402582e-01	1.606971e-01	-4.664775e-02	-3.137258e-02
2.312224e-02	-1.265614e-01	4.325411e-02	8.640498e-03	8.510175e-02	4.269682e-01	8.437149e-02	-1.130435e-01	1.755228e-01	-2.304477e-01	1.281713e-01	5.241788e-03	-4.741164e-03	-3.705958e-02	-5.834581e-02	9.874892e-02	-5.784759e-02	2.345265e+00	1.553668e-01	-7.556757e-02	4.327882e-02	3.742026e-01	2.568154e-01	-1.472970e-01	-4.108362e-02	-3.811542e-02	2.497008e-01	5.232301e-02	3.745891e-02	-6.679491e-02
1.279535e-01	-2.499818e-01	9.316020e-02	2.006153e-01	-1.408174e-01	1.008433e-01	7.446984e-02	-2.304194e-01	-1.044346e-01	1.065278e-01	-1.419944e-01	9.863580e-02	1.994449e-01	2.228550e-01	1.070867e-01	-3.025878e-02	3.022573e-02	1.553668e-01	2.142431e+00	2.243740e-01	-5.737199e-02	-1.877666e-01	-3.330188e-01	-1.370718e-01	-1.668303e-01	2.321089e-01	5.649787e-02	1.559030e-01	1.980090e-01	1.005945e-01
6.745031e-02	-1.854205e-01	-1.094319e-01	-3.577952e-02	3.218508e-01	8.924798e-02	-1.558791e-01	-1.093622e-01	-1.832156e-01	-2.682106e-01	-2.998777e-01	-1.911295e-01	1.660336e-01	-3.118867e-01	1.011672e-01	1.129378e-01	1.651341e-01	-7.556757e-02	2.243740e-01	2.540847e+00	-9.582703e-03	-6.703612e-02	8.953215e-02	4.185947e-04	-2.814458e-01	2.822013e-02	2.512002e-01	1.824281e-01	-5.814794e-02	2.298219e-01
-9.080696e-03	-9.350729e-02	-1.470401e-01	-4.706482e-02	1.475620e-01	-2.804255e-02	-4.748513e-02	-1.957309e-02	3.306858e-02	-4.583616e-02	-2.360727e-01	-2.214835e-01	1.346057e-01	-9.860137e-02	-1.559749e-02	-4.875444e-02	7.939726e-02	4.327882e-02	-5.737199e-02	-9.582703e-03	2.078216e+00	-2.474463e-02	-1.590715e-01	-1.125533e-01	-6.084310e-02	-1.552718e-02	8.210448e-02	-1.725654e-01	-8.851140e-02	2.235595e-01
3.470398e-01	2.982607e-03	-1.023738e-01	-1.524745e-01	-1.167514e-02	-9.462262e-02	8.141687e-02	1.001999e-01	1.699367e-01	-1.860930e-01	-1.127200e-01	2.068202e-01	-1.510728e-01	-1.161050e-01	-3.630866e-02	-2.345964e-01	-5.452007e-05	3.742026e-01	-1.877666e-01	-6.703612e-02	-2.474463e-02	1.978935e+00	1.500002e-01	-2.563812e-01	-1.147626e-01	1.100166e-01	2.575290e-02	1.899888e-01	-2.681889e-01	-4.528635e-02
1.262261e-01	5.061220e-02	-1.739998e-02	7.301567e-02	6.613539e-02	-4.320157e-02	2.401104e-01	-6.470875e-02	-7.037006e-03	-9.934380e-02	-3.092729e-02	7.858823e-02	1.173522e-02	-1.534368e-02	2.157426e-04	-3.929956e-02	-1.726400e-01	2.568154e-01	-3.330188e-01	8.953215e-02	-1.590715e-01	1.500002e-01	2.369819e+00	1.533534e-01	1.078182e-01	-2.708639e-02	-1.108834e-01	-3.432399e-01	-1.479134e-01	-2.143750e-01
-9.320326e-02	-1.066352e-01	1.524213e-02	2.321263e-02	9.671774e-02	9.242901e-02	1.045651e-01	-2.771409e-01	1.478926e-01	1.673989e-03	1.755941e-01	6.833993e-03	-1.625914e-01	-1.352892e-02	1.139991e-01	1.348918e-01	-1.417771e-01	-1.472970e-01	-1.370718e-01	4.185947e-04	-1.125533e-01	-2.563812e-01	1.533534e-01	2.419419e+00	1.527769e-01	1.499713e-01	4.061532e-02	1.919514e-01	4.686725e-02	-7.073989e-04
-1.737859e-01	-3.581598e-01	3.745645e-02	6.863605e-02	-3.594366e-02	6.736006e-02	-4.592466e-02	3.406118e-01	-1.177722e-01	-4.658873e-02	-1.057458e-01	-2.383900e-01	1.049326e-02	1.411727e-01	-9.794062e-02	-1.712306e-01	-3.176229e-01	-4.108362e-02	-1.668303e-01	-2.814458e-01	-6.084310e-02	-1.147626e-01	1.078182e-01	1.527769e-01	2.198757e+00	-2.462570e-01	-2.764388e-01	1.930780e-01	1.012395e-01	-3.694795e-02
1.394190e-01	-1.976946e-01	7.920417e-02	-6.866882e-02	1.740432e-01	-2.422733e-01	1.195426e-01	1.856265e-01	2.271035e-01	6.161322e-02	2.194884e-01	-6.913830e-02	1.115692e-01	1.377821e-01	2.031369e-01	1.084570e-01	2.138776e-01	-3.811542e-02	2.321089e-01	2.822013e-02	-1.552718e-02	1.100166e-01	-2.708639e-02	1.499713e-01	-2.462570e-01	2.014065e+00	-1.739811e-01	-6.449198e-02	-3.100138e-01	9.405242e-03
2.495488e-02	7.915288e-02	4.961734e-02	-1.257246e-01	-1.581595e-01	1.713339e-01	9.151766e-02	2.401308e-02	-1.663908e-01	-7.274329e-03	-9.917416e-02	1.388166e-02	1.523246e-02	-5.614548e-02	9.566097e-02	-1.223824e-01	-1.402582e-01	2.497008e-01	5.649787e-02	2.512002e-01	8.210448e-02	2.575290e-02	-1.108834e-01	4.061532e-02	-2.764388e-01	-1.739811e-01	2.135698e+00	-3.141850e-02	-1.860858e-01	8.783335e-02
1.345879e-01	-3.274010e-01	1.842271e-02	9.941998e-03	5.083659e-02	8.165533e-03	-5.789380e-02	7.605948e-02	7.031898e-02	5.561930e-02	1.126570e-01	4.528271e-02	-9.379367e-02	-1.425423e-01	-1.829380e-01	-5.919537e-02	1.606971e-01	5.232301e-02	1.559030e-01	1.824281e-01	-1.725654e-01	1.899888e-01	-3.432399e-01	1.919514e-01	1.930780e-01	-6.449198e-02	-3.141850e-02	2.379101e+00	-7.387383e-02	7.726558e-02
9.825304e-02	2.221768e-01	-3.799634e-01	-8.450443e-02	-4.033056e-02	-2.567508e-02	1.368492e-01	-1.659898e-01	-2.442405e-01	-5.098991e-02	4.853642e-02	2.621197e-02	-6.377083e-02	1.044740e-01	1.661009e-01	-5.733755e-03	-4.664775e-02	3.745891e-02	1.980090e-01	-5.814794e-02	-8.851140e-02	-2.681889e-01	-1.479134e-01	4.686725e-02	1.012395e-01	-3.100138e-01	-1.860858e-01	-7.387383e-02	2.597160e+00	-2.524214e-01
-1.702639e-01	3.553456e-02	5.605179e-02	6.489774e-02	6.128578e-02	-2.615621e-03	1.624474e-01	-2.845825e-02	-3.438700e-02	-1.216729e-01	-1.051317e-01	-6.552588e-02	-1.066360e-01	-2.067255e-01	5.940245e-02	9.958870e-02	-3.137258e-02	-6.679491e-02	1.005945e-01	2.298219e-01	2.235595e-01	-4.528635e-02	-2.143750e-01	-7.073989e-04	-3.694795e-02	9.405242e-03	8.783335e-02	7.726558e-02	-2.524214e-01	2.594882e+00

X:
4.830333e-01	4.239616e-02	2.557943e-02	9.868686e-03	1.673179e-02	-3.597150e-02	6.606531e-02	4.557247e-02	-2.712596e-02	1.759022e-02	-1.622435e-03	-5.614327e-02	5.635302e-02	-1.720801e-02	-2.869402e-02	2.340860e-02	3.052876e-02	2.628946e-02	6.467139e-02	-5.707395e-02	-4.464272e-02	3.349679e-02	3.248045e-02	-1.137552e-01	-1.003580e-01	1.022157e-01	-4.450221e-03	1.468139e-02	-4.953894e-03	4.077128e-02
4.239616e-02	4.276506e-01	6.827039e-02	3.256765e-02	-3.388695e-02	7.677892e-02	4.137983e-02	1.280590e-02	-2.987361e-02	-6.828775e-02	9.307037e-02	5.383281e-02	7.521040e-02	5.021355e-02	-7.143369e-02	3.154420e-02	-5.488917e-02	2.555883e-03	3.237139e-02	-6.212015e-02	3.803511e-03	-9.798735e-03	2.498174e-02	-6.149860e-02	-5.801655e-02	-5.915705e-02	3.530104e-02	-1.286726e-02	8.004132e-02	2.266563e-02
2.557943e-02	6.827039e-02	4.420549e-01	9.313482e-02	-5.924453e-02	1.230485e-01	5.594404e-03	1.092655e-02	1.255821e-01	-2.168054e-02	5.749543e-02	6.404025e-02	-8.487017e-02	1.213496e-01	-4.778209e-02	1.043633e-02	5.463879e-02	1.029472e-01	5.778011e-02	-7.592961e-02	-2.944184e-02	-1.949991e-02	-1.165236e-02	5.897030e-02	-3.471226e-02	-5.743067e-02	4.012883e-02	-3.127512e-02	-4.581686e-02	7.441352e-02
9.868686e-03	3.256765e-02	9.313482e-02	4.525399e-01	-5.535443e-02	3.430951e-02	3.410602e-02	-6.375231e-02	6.294782e-02	-4.985258e-02	-3.813648e-03	4.229938e-03	-5.910046e-02	3.275784e-02	-5.276115e-02	9.458721e-02	4.278464e-02	1.340294e-02	5.532475e-02	-1.688760e-02	-1.681190e-02	-1.815946e-02	3.967216e-03	2.719166e-02	-3.962311e-02	-4.330950e-02	-2.899230e-02	2.940364e-02	1.754790e-02	-3.545105e-02
1.673179e-02	-3.388695e-02	-5.924453e-02	-5.535443e-02	5.608277e-01	3.073237e-02	9.826280e-03	-2.533098e-02	-5.574832e-02	1.284670e-01	-4.063191e-02	4.607151e-02	2.101421e-01	1.070217e-02	-3.251392e-02	-7.504103e-03	-3.334443e-02	3.034467e-03	-3.543592e-02	3.084203e-02	-4.814746e-03	2.443017e-02	-3.349418e-02	8.363919e-02	2.883409e-02	7.396332e-02	2.925650e-02	4.273462e-02	-1.878105e-02	-6.039174e-02
-3.597150e-02	7.677892e-02	1.230485e-01	3.430951e-02	3.073237e-02	4.965677e-01	9.899377e-03	-6.202258e-02	4.674232e-02	1.257613e-01	7.045928e-02	1.152665e-01	1.486706e-02	1.100461e-01	-9.127968e-02	-2.385064e-02	-3.759302e-02	8.314047e-02	1.048182e-02	-8.291074e-02	-2.377028e-02	4.757488e-03	-3.310122e-02	5.782872e-02	1.726286e-02	-1.494522e-01	8.935542e-02	2.214603e-02	3.872745e-02	4.033542e-02
6.606531e-02	4.137983e-02	5.594404e-03	3.410602e-02	9.826280e-03	9.899377e-03	4.511925e-01	1.622684e-02	7.776478e-02	-1.809302e-02	3.971613e-02	2.677339e-02	5.699316e-02	-5.057873e-02	-1.087523e-02	-5.081593e-03	1.836457e-02	2.033717e-02	1.053712e-01	-2.356719e-02	-1.234108e-02	9.459701e-03	1.966309e-02	-7.342342e-02	-1.463989e-02	-1.558918e-02	8.293025e-02	-3.043197e-02	2.719227e-02	2.524752e-02
4.557247e-02	1.280590e-02	1.092655e-02	-6.375231e-02	-2.533098e-02	-6.202258e-02	1.622684e-02	4.596617e-01	1.905645e-02	-8.936352e-03	-1.913453e-02	-3.939304e-03	-4.809160e-02	4.818165e-02	9.660225e-02	-1.248195e-01	9.774250e-02	4.213868e-02	2.953670e-02	-2.985595e-03	8.254086e-02	-2.577019e-02	-4.424684e-02	-9.930958e-02	-5.818052e-03	6.537300e-02	-1.136094e-02	-6.374493e-03	1.312570e-02	2.173844e-02
-2.712596e-02	-2.987361e-02	1.255821e-01	6.294782e-02	-5.574832e-02	4.674232e-02	7.776478e-02	1.905645e-02	6.349779e-01	-4.312352e-02	1.127380e-01	1.112809e-01	-1.537269e-01	-9.444447e-02	5.806411e-02	-8.128664e-02	1.448013e-01	1.362612e-01	-3.547997e-02	-1.164927e-01	5.140248e-02	2.108137e-02	8.063831e-02	9.504963e-03	-1.506326e-02	2.421034e-02	-1.880509e-02	-1.144630e-01	-6.005839e-02	6.551913e-03
1.759022e-02	-6.828775e-02	-2.168054e-02	-4.985258e-02	1.284670e-01	1.257613e-01	-1.809302e-02	-8.936352e-03	-4.312352e-02	5.016321e-01	-4.418692e-02	4.716300e-02	8.698251e-02	6.914506e-02	4.561588e-02	-8.995118e-02	-6.790432e-03	-8.903945e-02	-4.904718e-02	-9.958688e-02	-3.774081e-02	-4.734736e-02	-7.321341e-02	6.929922e-02	9.235574e-03	-1.244143e-02	3.996094e-03	5.590611e-02	-1.284391e-02	-5.053441e-03
-1.622435e-03	9.307037e-02	5.749543e-02	-3.813648e-03	-4.063191e-02	7.045928e-02	3.971613e-02	-1.913453e-02	1.127380e-01	-4.418692e-02	5.680118e-01	3.596086e-02	-8.528138e-02	2.491137e-02	-5.678934e-02	6.000830e-02	9.069857e-02	2.479960e-02	-2.122434e-02	-1.710304e-01	2.469737e-03	-4.493559e-02	-4.333266e-03	-2.466161e-02	4.082802e-03	-1.071248e-02	-1.481096e-02	2.661422e-02	8.057993e-03	-3.184581e-03
-5.614327e-02	5.383281e-02	6.404025e-02	4.229938e-03	4.607151e-02	1.152665e-01	2.677339e-02	-3.939304e-03	1.112809e-01	4.716300e-02	3.596086e-02	5.288096e-01	3.091146e-02	-2.187278e-02	-6.750894e-02	9.508800e-03	-7.130199e-02	1.136291e-01	1.062341e-02	-7.867552e-02	-6.309331e-02	3.042916e-02	2.442698e-02	3.365445e-02	-6.633524e-02	-1.187397e-02	3.338220e-04	-5.341879e-03	-3.326991e-02	2.268734e-02
5.635302e-02	7.521040e-02	-8.487017e-02	-5.910046e-02	2.101421e-01	1.486706e-02	5.699316e-02	-4.809160e-02	-1.537269e-01	8.698251e-02	-8.528138e-02	3.091146e-02	6.588626e-01	-4.231563e-02	-3.364576e-02	-1.294220e-02	-1.132789e-01	-6.835630e-02	1.138964e-02	5.046967e-02	-1.793310e-02	-1.662300e-02	-3.423591e-02	-2.205387e-02	5.723739e-02	4.326699e-02	1.014226e-02	3.916113e-02	-1.714768e-02	-6.377147e-02
-1.720801e-02	5.021355e-02	1.213496e-01	3.275784e-02	1.070217e-02	1.100461e-01	-5.057873e-02	4.818165e-02	-9.444447e-02	6.914506e-02	2.491137e-02	-2.187278e-02	-4.231563e-02	6.649265e-01	-5.358729e-02	-8.319630e-02	5.142329e-02	-8.518926e-02	1.284639e-01	-1.486219e-01	-3.147164e-02	-5.683991e-02	-4.436734e-03	1.014208e-01	3.113746e-02	1.989889e-02	2.463241e-02	6.877033e-02	4.975096e-02	-9.401877e-02
-2.869402e-02	-7.143369e-02	-4.778209e-02	-5.276115e-02	-3.251392e-02	-9.127968e-02	-1.087523e-02	9.660225e-02	5.806411e-02	4.561588e-02	-5.678934e-02	-6.750894e-02	-3.364576e-02	-5.358729e-02	3.775836e-01	-5.412927e-02	4.504644e-02	2.553454e-02	-3.861136e-02	2.185784e-02	5.511418e-02	-3.132626e-02	1.765518e-02	-3.958190e-02	-2.395840e-02	3.344387e-02	-1.517694e-02	-6.508152e-02	4.564973e-02	4.526420e-02
2.340860e-02	3.154420e-02	1.043633e-02	9.458721e-02	-7.504103e-03	-2.385064e-02	-5.081593e-03	-1.248195e-01	-8.128664e-02	-8.995118e-02	6.000830e-02	9.508800e-03	-1.294220e-02	-8.319630e-02	-5.412927e-02	5.557890e-01	-1.343644e-01	-4.888052e-02	-4.346222e-02	-3.438873e-03	-1.197322e-01	-2.656307e-02	-1.652687e-02	3.419119e-02	-1.392130e-01	-2.423093e-02	-5.367219e-02	-4.917247e-03	-2.588378e-02	2.855503e-02
3.052876e-02	-5.488917e-02	5.463879e-02	4.278464e-02	-3.334443e-02	-3.759302e-02	1.836457e-02	9.774250e-02	1.448013e-01	-6.790432e-03	9.069857e-02	-7.130199e-02	-1.132789e-01	5.142329e-02	4.504644e-02	-1.343644e-01	5.135346e-01	3.148254e-02	1.000328e-03	-2.381919e-02	1.117901e-01	-3.716878e-02	-5.464597e-02	-7.408227e-02	-3.799226e-02	8.059884e-02	-3.003945e-02	-3.649048e-02	-1.124633e-02	-4.011669e-02
2.628946e-02	2.555883e-03	1.029472e-01	1.340294e-02	3.034467e-03	8.314047e-02	2.033717e-02	4.213868e-02	1.362612e-01	-8.903945e-02	2.479960e-02	1.136291e-01	-6.835630e-02	-8.518926e-02	2.553454e-02	-4.888052e-02	3.148254e-02	6.398854e-01	1.404201e-02	6.836159e-02	1.853360e-02	1.211816e-01	4.587418e-02	-1.280730e-01	-5.607329e-02	-7.758798e-03	1.578595e-01	-1.302736e-01	7.810291e-02	4.597302e-02
6.467139e-02	3.237139e-02	5.778011e-02	5.532475e-02	-3.543592e-02	1.048182e-02	1.053712e-01	2.953670e-02	-3.547997e-02	-4.904718e-02	-2.122434e-02	1.062341e-02	1.138964e-02	1.284639e-01	-3.861136e-02	-4.346222e-02	1.000328e-03	1.404201e-02	4.294620e-01	9.305313e-03	2.459550e-03	-4.950813e-03	-3.481108e-02	-2.090393e-02	7.706289e-03	5.267950e-02	4.226527e-02	6.161083e-02	8.197315e-02	-6.413064e-03
-5.707395e-02	-6.212015e-02	-7.592961e-02	-1.688760e-02	3.084203e-02	-8.291074e-02	-2.356719e-02	-2.985595e-03	-1.164927e-01	-9.958688e-02	-1.710304e-01	-7.867552e-02	5.046967e-02	-1.486219e-01	2.185784e-02	-3.438873e-03	-2.381919e-02	6.836159e-02	9.305313e-03	5.043222e-01	2.874042e-02	2.923655e-02	-1.610847e-02	-6.522955e-02	1.212659e-02	-1.472618e-02	4.453633e-02	-2.722917e-02	1.040237e-02	-8.707896e-03
-4.464272e-02	3.803511e-03	-2.944184e-02	-1.681190e-02	-4.814746e-03	-2.377028e-02	-1.234108e-02	8.254086e-02	5.140248e-02	-3.774081e-02	2.469737e-03	-6.309331e-02	-1.793310e-02	-3.147164e-02	5.511418e-02	-1.197322e-01	1.117901e-01	1.853360e-02	2.459550e-03	2.874042e-02	4.036126e-01	-2.577830e-02	-6.486564e-02	-6.112134e-02	4.935993e-02	-1.819955e-02	-3.743662e-02	-2.400469e-02	2.120322e-02	-1.250037e-02
3.349679e-02	-9.798735e-03	-1.949991e-02	-1.815946e-02	2.443017e-02	4.757488e-03	9.459701e-03	-2.577019e-02	2.108137e-02	-4.734736e-02	-4.493559e-02	3.042916e-02	-1.662300e-02	-5.683991e-02	-3.132626e-02	-2.656307e-02	-3.716878e-02	1.211816e-01	-4.950813e-03	2.923655e-02	-2.577830e-02	3.442712e-01	2.256845e-02	-3.668028e-02	-9.902535e-03	1.232702e-03	5.505661e-02	2.163039e-02	1.545196e-02	1.817622e-02
3.248045e-02	2.498174e-02	-1.165236e-02	3.967216e-03	-3.349418e-02	-3.310122e-02	1.966309e-02	-4.424684e-02	8.063831e-02	-7.321341e-02	-4.333266e-03	2.442698e-02	-3.423591e-02	-4.436734e-03	1.765518e-02	-1.652687e-02	-5.464597e-02	4.587418e-02	-3.481108e-02	-1.610847e-02	-6.486564e-02	2.256845e-02	6.069186e-01	-4.791353e-02	3.024239e-02	1.577083e-02	-3.323532e-02	-1.415630e-01	-5.010265e-02	8.938764e-03
-1.137552e-01	-6.149860e-02	5.897030e-02	2.719166e-02	8.363919e-02	5.782872e-02	-7.342342e-02	-9.930958e-02	9.504963e-03	6.929922e-02	-2.466161e-02	3.365445e-02	-2.205387e-02	1.014208e-01	-3.958190e-02	3.419119e-02	-7.408227e-02	-1.280730e-01	-2.090393e-02	-6.522955e-02	-6.112134e-02	-3.668028e-02	-4.791353e-02	5.584788e-01	2.164903e-02	-2.934725e-02	-1.996875e-02	4.548617e-02	-4.149653e-02	-2.277343e-02
-1.003580e-01	-5.801655e-02	-3.471226e-02	-3.962311e-02	2.883409e-02	1.726286e-02	-1.463989e-02	-5.818052e-03	-1.506326e-02	9.235574e-03	4.082802e-03	-6.633524e-02	5.723739e-02	3.113746e-02	-2.395840e-02	-1.392130e-01	-3.799226e-02	-5.607329e-02	7.706289e-03	1.212659e-02	4.935993e-02	-9.902535e-03	3.024239e-02	2.164903e-02	4.266106e-01	-7.616034e-02	-3.385100e-02	5.296577e-02	-7.577740e-03	-3.956814e-02
1.022157e-01	-5.915705e-02	-5.743067e-02	-4.330950e-02	7.396332e-02	-1.494522e-01	-1.558918e-02	6.537300e-02	2.421034e-02	-1.244143e-02	-1.071248e-02	-1.187397e-02	4.326699e-02	1.989889e-02	3.344387e-02	-2.423093e-02	8.059884e-02	-7.758798e-03	5.267950e-02	-1.472618e-02	-1.819955e-02	1.232702e-03	1.577083e-02	-2.934725e-02	-7.616034e-02	4.774922e-01	-6.004242e-02	-8.259389e-03	-4.613019e-02	-6.610377e-02
-4.450221e-03	3.530104e-02	4.012883e-02	-2.899230e-02	2.925650e-02	8.935542e-02	8.293025e-02	-1.136094e-02	-1.880509e-02	3.996094e-03	-1.481096e-02	3.338220e-04	1.014226e-02	2.463241e-02	-1.517694e-02	-5.367219e-02	-3.003945e-02	1.578595e-01	4.226527e-02	4.453633e-02	-3.743662e-02	5.505661e-02	-3.323532e-02	-1.996875e-02	-3.385100e-02	-6.004242e-02	4.304362e-01	-5.471828e-02	6.080165e-02	-7.389628e-03
1.468139e-02	-1.286726e-02	-3.127512e-02	2.940364e-02	4.273462e-02	2.214603e-02	-3.043197e-02	-6.374493e-03	-1.144630e-01	5.590611e-02	2.661422e-02	-5.341879e-03	3.916113e-02	6.877033e-02	-6.508152e-02	-4.917247e-03	-3.649048e-02	-1.302736e-01	6.161083e-02	-2.722917e-02	-2.400469e-02	2.163039e-02	-1.415630e-01	4.548617e-02	5.296577e-02	-8.259389e-03	-5.471828e-02	4.592614e-01	2.781147e-02	-3.594017e-02
-4.953894e-03	8.004132e-02	-4.581686e-02	1.754790e-02	-1.878105e-02	3.872745e-02	2.719227e-02	1.312570e-02	-6.005839e-02	-1.284391e-02	8.057993e-03	-3.326991e-02	-1.714768e-02	4.975096e-02	4.564973e-02	-2.588378e-02	-1.124633e-02	7.810291e-02	8.197315e-02	1.040237e-02	2.120322e-02	1.545196e-02	-5.010265e-02	-4.149653e-02	-7.577740e-03	-4.613019e-02	6.080165e-02	2.781147e-02	4.710167e-01	-4.499554e-02
4.077128e-02	2.266563e-02	7.441352e-02	-3.545105e-02	-6.039174e-02	4.033542e-02	2.524752e-02	2.173844e-02	6.551913e-03	-5.053441e-03	-3.184581e-03	2.268734e-02	-6.377147e-02	-9.401877e-02	4.526420e-02	2.855503e-02	-4.011669e-02	4.597302e-02	-6.413064e-03	-8.707896e-03	-1.250037e-02	1.817622e-02	8.938764e-03	-2.277343e-02	-3.956814e-02	-6.610377e-02	-7.389628e-03	-3.594017e-02	-4.499554e-02	4.754769e-01

Y = A'X + XA + G'XG - gamma XBB'X + Q:
-4.440892e-16
3.479205e-16	-4.440892e-15
-7.285839e-16	5.551115e-17	-2.664535e-15
-1.804112e-16	-1.886512e-17	4.024558e-16	-8.881784e-16
0.000000e+00	-3.608225e-16	-5.551115e-17	-1.457168e-16	-4.440892e-16
-2.081668e-17	-3.608225e-16	8.049117e-16	-6.938894e-18	-7.632783e-16	-2.220446e-15
2.775558e-17	6.314393e-16	1.665335e-16	4.718448e-16	-1.552578e-16	3.248812e-16	-3.108624e-15
9.020562e-17	8.881784e-16	1.595946e-16	1.387779e-17	7.494005e-16	3.885781e-16	-8.222589e-16	-1.776357e-15
-8.951173e-16	4.163336e-16	5.551115e-17	2.498002e-16	1.124101e-15	1.401657e-15	-4.718448e-16	-1.457168e-15	-4.884981e-15
-1.804112e-16	-3.330669e-16	4.579670e-16	-3.608225e-16	-6.661338e-16	-2.220446e-16	6.938894e-18	9.228729e-16	1.609823e-15	-4.440892e-16
6.661338e-16	3.053113e-16	1.804112e-16	9.020562e-16	8.743006e-16	5.273559e-16	-4.302114e-16	-7.745540e-16	-7.494005e-16	3.330669e-16	-1.776357e-15
2.359224e-16	4.579670e-16	9.419548e-16	8.326673e-17	1.007007e-15	1.068590e-15	-2.775558e-17	-2.498002e-16	2.914335e-16	7.459311e-16	-3.608225e-16	4.440892e-16
8.396062e-16	-9.298118e-16	-5.447032e-16	0.000000e+00	-1.193490e-15	-1.242062e-15	9.159340e-16	1.290634e-15	1.471046e-15	-7.216450e-16	1.942890e-16	6.591949e-16	-3.996803e-15
-2.498002e-16	-5.134781e-16	8.881784e-16	7.632783e-17	-1.498801e-15	-8.465451e-16	8.300652e-16	1.498801e-15	2.470246e-15	-7.632783e-16	1.221245e-15	-3.469447e-16	-2.636780e-15	-2.664535e-15
-3.885781e-16	4.128642e-16	-9.714451e-17	4.336809e-17	7.147061e-16	1.387779e-16	-1.026956e-15	-3.365364e-16	-1.623701e-15	2.220446e-16	-9.922618e-16	-4.996004e-16	7.910339e-16	1.602884e-15	-1.332268e-15
-2.775558e-17	5.551115e-17	-4.302114e-16	3.053113e-16	-2.671474e-16	-7.806256e-16	1.734723e-16	-6.106227e-16	1.873501e-16	-4.857226e-16	9.159340e-16	6.938894e-17	-1.387779e-16	-8.743006e-16	1.387779e-17	-1.776357e-15
5.551115e-17	5.043709e-16	2.775558e-16	7.771561e-16	1.026956e-15	7.771561e-16	-4.926615e-16	-8.465451e-16	-6.860831e-16	7.771561e-16	-6.938894e-17	-1.110223e-16	1.262879e-15	1.609823e-15	-3.608225e-16	7.216450e-16	-3.108624e-15
-1.734723e-16	5.793976e-16	-2.775558e-17	2.012279e-16	2.026157e-15	1.831868e-15	-1.089569e-15	-1.096345e-15	-2.081668e-15	1.165734e-15	-7.593752e-16	4.913604e-16	1.186551e-15	1.722580e-15	-1.609823e-15	-3.747003e-16	-1.061651e-15	-3.552714e-15
6.938894e-16	5.967449e-16	3.469447e-16	-1.110223e-16	-1.422473e-16	-3.551846e-16	8.951173e-16	9.714451e-16	1.110223e-16	-1.604619e-16	4.926615e-16	-6.591949e-16	-7.355228e-16	4.163336e-16	7.979728e-17	-9.436896e-16	4.579670e-16	-2.220446e-16	-4.440892e-16
-5.759282e-16	-8.326673e-17	-2.914335e-16	-2.810252e-16	6.938894e-17	-3.447763e-17	-3.191891e-16	0.000000e+00	-1.054712e-15	-2.775558e-17	-8.881784e-16	-4.718448e-16	2.775558e-16	9.436896e-16	3.122502e-17	-4.649059e-16	-6.591949e-16	7.216450e-16	-6.938894e-16	-1.776357e-15
-5.134781e-16	4.163336e-16	4.996004e-16	5.412337e-16	-1.387779e-16	3.486794e-16	-4.787837e-16	-3.608225e-16	-5.308254e-16	3.608225e-16	3.608225e-16	0.000000e+00	-2.524023e-16	1.202163e-15	-2.185752e-16	5.412337e-16	-4.718448e-16	-9.610368e-16	3.226586e-16	-4.440892e-16	-2.664535e-15
-1.665335e-16	-5.551115e-17	-3.330669e-16	-4.718448e-16	3.122502e-16	6.938894e-17	-1.387779e-17	-1.387779e-16	-6.904199e-16	-2.359224e-16	-1.387779e-16	6.938894e-17	4.857226e-16	-7.598089e-16	-4.163336e-16	3.400058e-16	-8.951173e-16	4.718448e-16	-1.387779e-16	7.077672e-16	-3.677614e-16	-2.220446e-15
-4.163336e-16	8.049117e-16	-1.201296e-15	-4.718448e-16	6.245005e-16	2.983724e-16	-2.220446e-16	-6.106227e-16	-1.405126e-16	-4.163336e-17	-2.046974e-16	7.979728e-17	1.124968e-15	7.424616e-16	-7.077672e-16	-2.359224e-16	-5.828671e-16	-1.026956e-15	0.000000e+00	-4.232725e-16	-5.828671e-16	-4.163336e-17	-4.440892e-16
-4.579670e-16	-1.235123e-15	3.400058e-16	-2.289835e-16	-1.172673e-15	-9.992007e-16	-2.636780e-16	1.179612e-15	6.383782e-16	-4.232725e-16	-4.232725e-16	-4.371503e-16	-1.054712e-15	-1.595946e-15	1.276756e-15	-1.110223e-16	1.035630e-15	1.078998e-15	-2.012279e-16	1.068590e-15	1.082467e-15	-1.387779e-16	-5.898060e-16	-2.664535e-15
-3.747003e-16	5.551115e-17	-3.885781e-16	-3.816392e-16	-1.665335e-16	-2.914335e-16	4.579670e-16	-2.220446e-16	2.602085e-16	-9.714451e-17	-4.163336e-16	-1.387779e-16	-3.920475e-16	2.081668e-17	4.544976e-16	-5.967449e-16	2.775558e-17	3.608225e-16	5.551115e-16	7.632783e-16	3.261280e-16	4.440892e-16	7.494005e-16	-2.151057e-16	-1.332268e-15
3.330669e-16	4.857226e-16	-4.093947e-16	3.400058e-16	3.330669e-16	2.914335e-16	-4.510281e-16	4.163336e-16	-2.706169e-16	1.318390e-16	8.326673e-17	4.163336e-17	5.828671e-16	-2.498002e-16	-2.775558e-16	-2.914335e-16	1.665335e-16	-8.153200e-17	-1.942890e-16	-3.747003e-16	-1.873501e-16	-4.440892e-16	3.174544e-16	-2.949030e-16	-5.551115e-17	-2.664535e-15
3.920475e-16	-1.804112e-16	5.169476e-16	-6.938894e-18	-1.110223e-16	4.024558e-16	4.718448e-16	2.586906e-16	-2.775558e-17	-8.326673e-17	-5.551115e-17	-5.551115e-17	-5.828671e-16	5.238865e-16	-5.828671e-16	-6.938894e-16	5.967449e-16	6.938894e-16	2.498002e-16	4.024558e-16	-3.035766e-16	2.983724e-16	-3.504141e-16	-4.371503e-16	3.885781e-16	-1.526557e-16	-2.220446e-15
5.551115e-16	-3.885781e-16	3.122502e-17	-3.634246e-16	-5.915407e-16	-1.092876e-15	2.307182e-16	1.096345e-15	8.326673e-16	1.509209e-16	1.804112e-16	5.551115e-17	-1.075529e-15	-1.602884e-15	1.332268e-15	-1.110223e-16	4.996004e-16	1.040834e-15	-2.636780e-16	-2.480655e-16	6.383782e-16	1.110223e-16	-2.567391e-16	-1.214306e-15	-6.106227e-16	2.636780e-16	-1.908196e-16	-3.552714e-15
-3.053113e-16	5.551115e-17	3.608225e-16	-3.330669e-16	1.873501e-16	-4.891920e-16	-4.440892e-16	1.942890e-16	-4.024558e-16	1.249001e-16	-6.591949e-17	-7.494005e-16	-3.243933e-16	7.719519e-17	6.938894e-17	-2.081668e-16	-4.336809e-17	-4.302114e-16	-8.326673e-17	5.065393e-16	3.486794e-16	1.110223e-16	3.885781e-16	2.844947e-16	9.714451e-17	1.942890e-16	3.469447e-16	5.551115e-17	-2.220446e-15
4.996004e-16	5.967449e-16	8.326673e-17	-3.955170e-16	3.469447e-17	2.914335e-16	-3.469447e-16	-1.110223e-16	-1.186551e-15	4.996004e-16	-4.163336e-17	0.000000e+00	7.494005e-16	4.996004e-16	-5.030698e-16	-4.560154e-16	-6.904199e-16	-3.833739e-16	1.526557e-16	-6.383782e-16	-6.938894e-16	4.579670e-16	-6.869505e-16	2.359224e-16	-2.775558e-16	-5.551115e-17	1.110223e-16	7.979728e-16	3.885781e-16	-2.220446e-15

|Y| = 2.339424e-14

4 Newton steps